#label at [-40.61873627  40.1786232   23.92444611] from subject fsaverage
331
393  -40.981617  37.265011  20.541002 0.000000
894  -40.414440  37.417473  25.062359 0.000000
1472  -37.043530  40.360249  25.060003 0.000000
1878  -39.621517  42.449421  21.084879 0.000000
2813  -40.335712  35.179016  26.517664 0.000000
2814  -39.572109  37.300564  27.382504 0.000000
4120  -41.318512  35.144073  22.237713 0.000000
4125  -36.261436  41.731670  22.218327 0.000000
4126  -39.023613  41.937637  23.606390 0.000000
4127  -37.462601  43.727589  21.089321 0.000000
6217  -40.645538  34.991737  24.268173 0.000000
6218  -40.883629  37.443691  22.812588 0.000000
7274  -37.604759  38.599304  27.469330 0.000000
8250  -39.493465  39.827362  25.905090 0.000000
8251  -40.807362  40.123772  23.327023 0.000000
8252  -40.790367  39.814129  20.812128 0.000000
8253  -37.689068  43.801758  18.883038 0.000000
8254  -38.665485  41.556988  18.444021 0.000000
8255  -39.102226  39.130775  18.581753 0.000000
10493  -39.902721  36.229946  28.137320 0.000000
10494  -39.149738  36.879921  28.378265 0.000000
11800  -41.029514  36.157520  21.508461 0.000000
11805  -35.766815  42.711769  21.005722 0.000000
11806  -36.919132  42.884789  21.778448 0.000000
11807  -36.408913  43.931488  20.727703 0.000000
14200  -40.052616  36.191029  25.802296 0.000000
14201  -40.361115  35.024090  25.379307 0.000000
14202  -40.365833  36.193089  24.671726 0.000000
14203  -40.727402  36.294701  23.596312 0.000000
14204  -40.773956  37.497929  23.957731 0.000000
18135  -37.318417  39.640816  26.459503 0.000000
18136  -38.449398  39.249073  26.915558 0.000000
18137  -38.358452  40.325874  25.770691 0.000000
18138  -39.526234  42.356911  22.452631 0.000000
18139  -40.174736  41.358147  23.620945 0.000000
18140  -40.557838  41.434494  22.345638 0.000000
18141  -40.994110  39.991810  22.072626 0.000000
18142  -40.499146  41.325615  20.939482 0.000000
18144  -37.195240  44.714199  19.011202 0.000000
18149  -38.898033  40.402596  18.424105 0.000000
23495  -40.954113  34.146904  27.204372 0.000000
23496  -40.432880  35.250130  27.665274 0.000000
23497  -39.962254  36.314449  26.964014 0.000000
23498  -39.909843  37.400730  26.227116 0.000000
25848  -41.562111  34.261402  22.897095 0.000000
25857  -36.772278  41.001354  23.611017 0.000000
25858  -38.095802  41.188911  24.394053 0.000000
25859  -37.550945  42.002045  23.043686 0.000000
25860  -38.208721  42.782387  22.282272 0.000000
25861  -38.550167  43.163185  21.098518 0.000000
29865  -40.861649  34.049706  26.097019 0.000000
29866  -40.895306  33.964867  24.930965 0.000000
29867  -41.159798  34.054478  23.860935 0.000000
29868  -40.991394  35.055153  23.217501 0.000000
29869  -40.894531  36.188076  22.576740 0.000000
29870  -40.942120  37.342724  21.729961 0.000000
32360  -38.030663  37.431099  28.222834 0.000000
32361  -36.999031  37.855049  27.893574 0.000000
32362  -36.494041  38.811882  26.856537 0.000000
32363  -36.108738  39.499527  25.555700 0.000000
32366  -35.882164  40.014042  24.095678 0.000000
32367  -35.600510  40.585785  22.595694 0.000000
32368  -35.123665  41.494354  21.232204 0.000000
35046  -38.727795  38.153065  27.691021 0.000000
35047  -39.433437  38.582066  26.760662 0.000000
35048  -40.258972  38.715252  25.631428 0.000000
35049  -39.398983  40.911713  24.790417 0.000000
35050  -40.347881  40.116402  24.616886 0.000000
35051  -40.771313  38.821815  24.200924 0.000000
35052  -40.932381  38.788151  23.052143 0.000000
35053  -40.956673  38.665344  21.879108 0.000000
35054  -40.947784  38.454990  20.631359 0.000000
35055  -36.999306  44.615303  20.076729 0.000000
35056  -37.756641  43.991467  20.066242 0.000000
35057  -38.497448  43.106705  19.878757 0.000000
35059  -38.204384  42.745678  18.625406 0.000000
35060  -39.304253  42.130116  19.661732 0.000000
35061  -39.796066  40.809834  19.572458 0.000000
35062  -40.059795  39.452690  19.600513 0.000000
35063  -40.257519  38.299911  19.583736 0.000000
41213  -39.250736  36.312592  28.638412 0.000000
41214  -38.793068  36.540142  28.606434 0.000000
42520  -40.996376  36.724091  21.048042 0.000000
42521  -41.046986  36.136314  20.992773 0.000000
42522  -40.938633  36.683548  20.487675 0.000000
42524  -40.737217  37.162956  20.051752 0.000000
42526  -36.099251  43.346966  20.877054 0.000000
44920  -40.127174  36.815632  25.425093 0.000000
44921  -40.115597  36.090385  25.246311 0.000000
44922  -40.354759  36.815681  24.886053 0.000000
44923  -40.556511  36.879463  24.338657 0.000000
44924  -40.591503  37.460007  24.505381 0.000000
48855  -37.166256  39.974236  25.799839 0.000000
48856  -37.832344  39.961102  26.155476 0.000000
48857  -37.720783  40.327667  25.497196 0.000000
48858  -39.622845  42.461418  21.800655 0.000000
48859  -40.090591  41.949425  22.444241 0.000000
48860  -40.210533  42.045429  21.747166 0.000000
48861  -40.643200  41.444725  21.642815 0.000000
48862  -40.082626  41.956207  21.016129 0.000000
54518  -40.735928  34.651932  27.948267 0.000000
54519  -40.482178  35.128048  28.215305 0.000000
54520  -39.706474  36.723423  27.743298 0.000000
54521  -39.977020  36.310448  27.553843 0.000000
54522  -39.814445  36.796391  27.163647 0.000000
54523  -39.864403  36.819527  26.597095 0.000000
54524  -39.734966  37.409676  26.841364 0.000000
58440  -41.448589  34.699654  22.578709 0.000000
58441  -41.827168  34.366188  22.516804 0.000000
58442  -41.668606  34.741371  22.162319 0.000000
58455  -36.547813  41.296326  22.922411 0.000000
58456  -37.243889  41.499550  23.300543 0.000000
58457  -36.885632  41.880020  22.651480 0.000000
58458  -37.208015  43.411644  21.505054 0.000000
58459  -37.527592  42.849548  22.061291 0.000000
58460  -37.802120  43.210323  21.655094 0.000000
58461  -38.438683  43.031639  21.710255 0.000000
58462  -37.974468  43.459412  21.136328 0.000000
65640  -40.666309  34.702995  26.915775 0.000000
65641  -40.930290  34.148869  26.669607 0.000000
65642  -40.607307  34.612984  26.298679 0.000000
65643  -40.486221  34.994804  24.779827 0.000000
65644  -40.601524  34.456665  25.140385 0.000000
65645  -40.706367  34.458660  24.608440 0.000000
65646  -41.006229  33.982738  24.391384 0.000000
65647  -40.860588  34.490288  24.080282 0.000000
65648  -40.998657  34.540657  23.576878 0.000000
65649  -40.827705  35.016651  23.748491 0.000000
65650  -40.824322  36.852249  23.210148 0.000000
65651  -40.834755  36.227741  23.064365 0.000000
65652  -40.845833  36.800377  22.685781 0.000000
65653  -40.858223  36.763817  22.202089 0.000000
65654  -40.837540  37.429482  22.335705 0.000000
71033  -37.181072  37.204147  28.227484 0.000000
71034  -36.700787  37.345337  28.052441 0.000000
71036  -36.254837  38.370247  27.126545 0.000000
71037  -35.969978  38.729851  26.466806 0.000000
71038  -36.313717  39.183250  26.253210 0.000000
71039  -35.701569  39.039116  25.797287 0.000000
71046  -35.403069  39.564514  24.319742 0.000000
71047  -35.332691  39.788818  23.582716 0.000000
71048  -35.774914  40.284359  23.337437 0.000000
71049  -35.150917  40.054321  22.832790 0.000000
71051  -34.784138  40.908413  21.390318 0.000000
77445  -37.760353  38.082756  27.890659 0.000000
77446  -38.370033  37.824577  27.965546 0.000000
77447  -38.179035  38.410606  27.640757 0.000000
77448  -38.975712  39.606762  26.483923 0.000000
77449  -38.987427  38.970512  26.919577 0.000000
77450  -39.493385  39.214993  26.370596 0.000000
77451  -39.844006  38.695557  26.176702 0.000000
77452  -39.968193  39.352806  25.785404 0.000000
77453  -38.561310  41.598396  24.030096 0.000000
77454  -38.763939  41.158642  24.651875 0.000000
77455  -39.256481  41.451187  24.195526 0.000000
77456  -40.561470  40.802502  23.483953 0.000000
77457  -40.318344  40.760719  24.101229 0.000000
77458  -40.618736  40.178623  23.924446 0.000000
77459  -40.635658  39.504585  24.456417 0.000000
77460  -40.787067  39.559586  23.754995 0.000000
77461  -40.867516  38.884804  23.624643 0.000000
77462  -40.884682  39.453789  23.142429 0.000000
77463  -40.961357  39.934555  21.434381 0.000000
77464  -40.987404  39.321522  21.978794 0.000000
77465  -40.954029  39.235634  21.364679 0.000000
77466  -40.965023  38.552639  21.246361 0.000000
77467  -40.869316  39.116577  20.726009 0.000000
77471  -37.474812  44.271660  18.976583 0.000000
77472  -37.472256  44.372707  19.553471 0.000000
77473  -37.766907  43.937813  19.473518 0.000000
77474  -38.121037  43.540627  20.003180 0.000000
77475  -38.084473  43.437004  19.375286 0.000000
77479  -38.120708  41.867771  17.939672 0.000000
77480  -37.891468  42.498589  18.028727 0.000000
77481  -38.445892  42.159435  18.497036 0.000000
77482  -38.759552  42.455372  19.077875 0.000000
77483  -38.999298  41.836514  19.042334 0.000000
77484  -39.539303  41.513874  19.612635 0.000000
77485  -39.179260  41.242424  18.986614 0.000000
77486  -39.008972  39.765556  18.507061 0.000000
77487  -39.478802  39.898430  19.055593 0.000000
77488  -39.604095  39.284363  19.065113 0.000000
77489  -40.161552  38.867470  19.571264 0.000000
77490  -39.723064  38.716438  19.105734 0.000000
77491  -39.776512  38.135818  19.109369 0.000000
77492  -39.179165  38.515728  18.662289 0.000000
92615  -40.064049  35.612274  28.438696 0.000000
92616  -39.668945  36.011330  28.587284 0.000000
92617  -39.573025  36.591736  28.295710 0.000000
92618  -39.359886  37.130276  27.917141 0.000000
94968  -41.117424  35.625813  21.891169 0.000000
94969  -41.437981  35.181068  21.765490 0.000000
94970  -41.215324  35.653389  21.392803 0.000000
94977  -36.022224  42.205849  21.590954 0.000000
94978  -36.592056  42.342896  22.028393 0.000000
94979  -36.361530  42.852325  21.444389 0.000000
94980  -36.663902  43.444542  21.255386 0.000000
94981  -36.949821  43.893517  20.953476 0.000000
99288  -40.153458  35.663826  26.164623 0.000000
99289  -40.347950  35.091209  25.947895 0.000000
99290  -40.203625  35.579247  25.596376 0.000000
99291  -40.296551  35.544319  24.978916 0.000000
99292  -40.509010  35.578484  24.422293 0.000000
99293  -40.689064  35.592609  23.931143 0.000000
99294  -40.591225  36.234184  24.127489 0.000000
99295  -40.777008  36.900295  23.797943 0.000000
99296  -40.876762  37.468483  23.378063 0.000000
106371  -37.426235  39.142761  26.988028 0.000000
106372  -38.018120  38.923878  27.223719 0.000000
106373  -37.878197  39.460140  26.741985 0.000000
106374  -38.410873  39.845184  26.368305 0.000000
106375  -38.940399  40.144081  25.917480 0.000000
106376  -39.327354  42.187843  23.055746 0.000000
106377  -39.664146  41.721272  23.677448 0.000000
106378  -39.954094  41.875557  23.103678 0.000000
106379  -40.406609  41.421650  23.014462 0.000000
106380  -40.759239  40.789066  22.844746 0.000000
106381  -40.909000  40.071018  22.692186 0.000000
106382  -40.918457  40.789581  22.178883 0.000000
106383  -40.884438  40.706482  21.528315 0.000000
106384  -40.712471  40.537548  20.842588 0.000000
106388  -37.185898  44.616531  18.528149 0.000000
106389  -37.362923  44.115288  18.415371 0.000000
106394  -38.321545  41.298805  17.810925 0.000000
106395  -38.784370  41.037285  18.354092 0.000000
106396  -38.449989  40.741581  17.759861 0.000000
106397  -38.527260  40.153530  17.831646 0.000000
106398  -38.604988  39.593330  17.920652 0.000000
106399  -38.681263  38.951424  18.017969 0.000000
116262  -40.985928  34.115776  27.707937 0.000000
116263  -40.696888  34.715904  27.450974 0.000000
116264  -40.387978  35.265369  27.133862 0.000000
116265  -40.165775  35.766087  27.888981 0.000000
116266  -40.146904  35.833271  27.306335 0.000000
116267  -40.120514  35.767971  26.743439 0.000000
116268  -39.950150  36.270897  26.375763 0.000000
116269  -39.962936  36.813015  26.004742 0.000000
116270  -40.116386  37.400787  25.627750 0.000000
121773  -36.907749  40.702583  24.336615 0.000000
121774  -37.574657  40.740974  24.751392 0.000000
121775  -37.398643  41.140068  24.044224 0.000000
121776  -37.847939  41.621132  23.731730 0.000000
121777  -38.207405  42.072300  23.421749 0.000000
121778  -37.183605  42.414062  22.404171 0.000000
121779  -37.853455  42.460541  22.741903 0.000000
121780  -38.592430  42.396057  22.945316 0.000000
121781  -38.906769  42.671089  22.359522 0.000000
121782  -39.058197  42.801449  21.753674 0.000000
121783  -39.145927  42.829552  21.125298 0.000000
131532  -40.581741  34.528687  25.731647 0.000000
131533  -40.858429  33.990002  25.518753 0.000000
131538  -41.310570  34.141396  23.333941 0.000000
131539  -41.234699  34.626907  23.042519 0.000000
131540  -41.133343  35.090618  22.700409 0.000000
131541  -40.817192  35.592083  23.398106 0.000000
131542  -40.937519  35.607018  22.898617 0.000000
131543  -41.045620  35.632771  22.382748 0.000000
131544  -40.955257  36.145683  22.030609 0.000000
131545  -40.945213  36.727867  21.596735 0.000000
131546  -40.997463  37.300350  21.121578 0.000000
138338  -38.266499  36.751328  28.476248 0.000000
138339  -37.682625  37.005493  28.397079 0.000000
138340  -37.466850  37.663895  28.104176 0.000000
138341  -37.274315  38.275963  27.713165 0.000000
138342  -36.511227  37.912773  27.684027 0.000000
138343  -36.771152  38.374847  27.457035 0.000000
138344  -37.020657  38.811863  27.223408 0.000000
138345  -36.880112  39.237598  26.660208 0.000000
138346  -36.706921  39.608116  26.037693 0.000000
138347  -36.517311  39.938618  25.334879 0.000000
138354  -35.520134  39.317024  25.049444 0.000000
138355  -35.970085  39.804008  24.818213 0.000000
138356  -36.440876  40.230366  24.584435 0.000000
138357  -36.340038  40.530861  23.865950 0.000000
138358  -36.180428  40.804367  23.135160 0.000000
138359  -35.971260  41.123795  22.410633 0.000000
138360  -34.984383  40.459972  22.102867 0.000000
138361  -35.383541  41.010536  21.899347 0.000000
138362  -35.723751  41.565651  21.743711 0.000000
138363  -35.425396  42.076286  21.121220 0.000000
146154  -38.627304  37.163250  28.311985 0.000000
146155  -38.930058  37.528511  28.049738 0.000000
146156  -39.218971  37.789440  27.615322 0.000000
146157  -38.596298  38.763767  27.391293 0.000000
146158  -39.087334  38.417915  27.283422 0.000000
146159  -39.490208  37.977261  27.085567 0.000000
146160  -39.792511  38.097282  26.486252 0.000000
146161  -40.051342  38.070202  25.889248 0.000000
146162  -40.444778  38.081436  25.245321 0.000000
146163  -38.241596  40.724346  25.085087 0.000000
146164  -38.884888  40.644913  25.318905 0.000000
146165  -39.477444  40.388367  25.421768 0.000000
146166  -39.854012  41.170891  24.243242 0.000000
146167  -39.936165  40.572380  24.754993 0.000000
146168  -39.986088  40.003601  25.287027 0.000000
146169  -40.340401  39.424976  25.159672 0.000000
146170  -40.558544  38.772991  24.901205 0.000000
146171  -40.639412  38.104969  24.638073 0.000000
146172  -40.764687  38.159302  24.080666 0.000000
146173  -40.891033  38.159752  23.514341 0.000000
146174  -40.924957  38.115959  22.939617 0.000000
146175  -40.950611  39.373543  22.562572 0.000000
146176  -40.964195  38.731117  22.485792 0.000000
146177  -40.910217  38.092796  22.366535 0.000000
146178  -40.938282  38.006893  21.788685 0.000000
146179  -40.993149  37.912029  21.192301 0.000000
146180  -40.990456  37.863884  20.603045 0.000000
146182  -36.705696  44.366287  20.442123 0.000000
146183  -37.210529  44.216858  20.567791 0.000000
146184  -37.148232  44.737568  19.586544 0.000000
146185  -37.389336  44.342735  20.092375 0.000000
146186  -37.663933  43.945026  20.602331 0.000000
146187  -38.100498  43.554199  20.587158 0.000000
146188  -38.566803  43.171562  20.518368 0.000000
146189  -39.066425  42.791492  20.451426 0.000000
146192  -37.549652  43.628376  18.325293 0.000000
146194  -37.745354  43.104454  18.218204 0.000000
146195  -37.971931  43.292305  18.799534 0.000000
146196  -38.408012  42.924263  19.250782 0.000000
146197  -38.941231  42.658806  19.754736 0.000000
146198  -39.515411  42.367512  20.360556 0.000000
146199  -39.895191  41.791241  20.305103 0.000000
146200  -40.192032  41.091900  20.235348 0.000000
146201  -40.386894  40.349316  20.181355 0.000000
146202  -39.346161  40.594959  18.991379 0.000000
146203  -39.939636  40.099785  19.615051 0.000000
146204  -40.505455  39.648602  20.169958 0.000000
146205  -40.569626  39.004585  20.088541 0.000000
146206  -40.633644  38.410339  20.077902 0.000000
146207  -40.697285  37.791588  20.073090 0.000000
146208  -40.327915  37.665672  19.592718 0.000000
