#label at [-40.61873627  40.1786232   23.92444611] from subject fsaverage
1261
57  -38.426270  36.109211  28.730549 0.000000
178  -35.246559  43.635384  19.998543 0.000000
391  -44.379555  30.171329  26.853806 0.000000
393  -40.981617  37.265011  20.541002 0.000000
892  -41.597473  33.043800  27.826624 0.000000
893  -41.902870  33.371162  23.580143 0.000000
894  -40.414440  37.417473  25.062359 0.000000
895  -33.656075  47.954510  17.362385 0.000000
896  -36.821678  45.504940  17.162609 0.000000
1471  -34.420883  36.685543  26.698450 0.000000
1472  -37.043530  40.360249  25.060003 0.000000
1473  -32.300880  38.889050  20.978405 0.000000
1474  -30.497166  43.840126  17.895618 0.000000
1875  -44.206779  31.186029  23.850056 0.000000
1876  -42.286858  33.776653  20.709530 0.000000
1877  -37.420109  36.287010  17.075687 0.000000
1878  -39.621517  42.449421  21.084879 0.000000
1879  -37.123390  40.825249  16.174011 0.000000
2033  -42.665272  29.099903  30.086050 0.000000
2034  -37.935001  30.641453  29.586212 0.000000
2037  -33.909290  32.420609  29.527561 0.000000
2812  -40.327389  34.939388  28.660297 0.000000
2813  -40.335712  35.179016  26.517664 0.000000
2814  -39.572109  37.300564  27.382504 0.000000
2816  -34.742947  49.275154  15.921059 0.000000
3412  -32.116562  35.517956  24.620861 0.000000
3413  -33.013145  37.511688  23.951252 0.000000
3414  -30.622568  36.767559  22.041676 0.000000
3416  -28.855951  41.135803  17.472382 0.000000
4119  -44.244030  30.809628  25.514954 0.000000
4120  -41.318512  35.144073  22.237713 0.000000
4121  -42.876740  33.900074  22.086994 0.000000
4122  -41.418850  35.292305  20.429142 0.000000
4123  -40.079124  34.954845  18.837326 0.000000
4124  -39.446598  36.714149  18.761368 0.000000
4125  -36.261436  41.731670  22.218327 0.000000
4126  -39.023613  41.937637  23.606390 0.000000
4127  -37.462601  43.727589  21.089321 0.000000
4128  -36.931343  45.364429  15.177057 0.000000
4129  -36.791878  43.061317  16.770151 0.000000
4130  -35.886978  42.574085  14.295080 0.000000
4131  -36.201969  40.686188  13.971268 0.000000
4463  -40.136909  29.780636  29.733124 0.000000
4473  -32.362907  33.001995  29.394619 0.000000
6214  -42.988060  31.495258  27.213522 0.000000
6215  -43.127754  32.035557  25.266651 0.000000
6216  -41.482403  33.115036  25.704498 0.000000
6217  -40.645538  34.991737  24.268173 0.000000
6218  -40.883629  37.443691  22.812588 0.000000
6219  -34.320259  46.012096  18.686155 0.000000
6220  -36.499798  45.484211  19.105417 0.000000
6221  -36.089851  47.764183  18.128040 0.000000
6222  -36.950706  48.185822  16.080013 0.000000
7273  -36.383430  36.810680  28.126637 0.000000
7274  -37.604759  38.599304  27.469330 0.000000
7275  -35.400002  38.538116  26.010874 0.000000
7276  -34.641193  39.542469  23.098114 0.000000
7277  -33.901520  41.194134  20.258068 0.000000
7278  -29.511993  38.642567  19.262403 0.000000
7279  -31.287451  40.925617  18.500385 0.000000
7280  -32.956264  43.567436  18.423710 0.000000
7281  -31.939693  46.261215  18.132254 0.000000
8244  -43.757935  32.631454  23.569052 0.000000
8245  -43.841797  32.598263  22.001553 0.000000
8250  -39.493465  39.827362  25.905090 0.000000
8251  -40.807362  40.123772  23.327023 0.000000
8252  -40.790367  39.814129  20.812128 0.000000
8253  -37.689068  43.801758  18.883038 0.000000
8254  -38.665485  41.556988  18.444021 0.000000
8255  -39.102226  39.130775  18.581753 0.000000
8256  -37.625423  38.577335  16.299685 0.000000
8257  -36.465370  38.466499  14.239691 0.000000
8673  -44.284313  29.865589  28.749226 0.000000
8674  -42.398109  31.123180  29.102718 0.000000
8675  -40.423683  32.343117  29.197033 0.000000
8676  -38.285019  33.564640  29.141586 0.000000
8684  -35.768833  31.623791  29.535370 0.000000
8685  -36.125328  34.377800  28.850536 0.000000
8686  -34.356544  34.929985  28.655422 0.000000
8687  -32.407063  34.370567  27.123377 0.000000
10492  -39.422073  35.723148  28.891094 0.000000
10493  -39.902721  36.229946  28.137320 0.000000
10494  -39.149738  36.879921  28.378265 0.000000
11093  -31.327478  36.039639  23.412144 0.000000
11799  -44.201088  30.489819  26.192078 0.000000
11800  -41.029514  36.157520  21.508461 0.000000
11801  -41.500114  35.233208  21.292362 0.000000
11802  -41.007195  36.119663  20.447628 0.000000
11803  -40.574238  36.009377  19.522371 0.000000
11804  -40.404972  36.997368  19.580822 0.000000
11805  -35.766815  42.711769  21.005722 0.000000
11806  -36.919132  42.884789  21.778448 0.000000
11807  -36.408913  43.931488  20.727703 0.000000
11808  -37.109802  45.239861  14.014964 0.000000
11809  -36.336147  43.933079  14.645734 0.000000
11810  -36.380424  43.866219  13.484218 0.000000
11811  -35.939716  42.509041  13.063184 0.000000
14197  -42.159832  32.189468  27.452520 0.000000
14198  -42.104912  32.246315  26.426929 0.000000
14199  -41.501007  33.125362  26.791361 0.000000
14200  -40.052616  36.191029  25.802296 0.000000
14201  -40.361115  35.024090  25.379307 0.000000
14202  -40.365833  36.193089  24.671726 0.000000
14203  -40.727402  36.294701  23.596312 0.000000
14204  -40.773956  37.497929  23.957731 0.000000
14205  -34.031532  47.253975  18.312550 0.000000
14206  -35.174000  47.123280  18.541607 0.000000
14207  -34.937798  48.176697  17.965088 0.000000
14208  -34.951447  49.740440  14.856619 0.000000
14209  -36.086689  49.163704  16.233252 0.000000
14210  -36.206585  49.438759  15.036565 0.000000
14211  -37.183044  48.253731  14.811481 0.000000
15997  -35.399979  36.902657  27.611897 0.000000
15998  -35.996796  37.917011  27.355694 0.000000
15999  -34.880459  37.566227  26.385916 0.000000
16000  -32.500084  38.097260  22.542332 0.000000
16001  -33.698265  38.540386  23.503496 0.000000
16002  -33.505089  39.199379  22.010214 0.000000
16003  -34.415455  40.306713  21.562483 0.000000
16004  -33.260185  40.000076  20.526745 0.000000
16008  -29.696543  42.315369  17.502804 0.000000
16009  -30.121338  40.959167  17.942139 0.000000
16010  -30.919699  42.231876  17.898296 0.000000
16011  -32.183197  42.209373  18.444548 0.000000
16012  -31.726551  43.626137  18.041077 0.000000
16013  -32.400200  44.823017  18.212978 0.000000
16014  -31.139782  45.188019  18.198870 0.000000
18119  -44.001049  31.178488  23.065702 0.000000
18120  -42.432056  32.635765  24.394260 0.000000
18121  -43.429359  32.321999  24.427517 0.000000
18122  -42.951332  33.016415  23.532307 0.000000
18123  -42.781044  33.879951  21.497267 0.000000
18124  -43.533905  33.286785  22.123106 0.000000
18125  -43.114838  33.224167  21.432926 0.000000
18126  -43.297234  32.541443  21.340162 0.000000
18127  -42.487602  33.042572  20.707541 0.000000
18129  -41.444084  33.549488  19.945221 0.000000
18130  -38.674870  35.507294  18.119871 0.000000
18131  -38.956055  34.563839  18.161955 0.000000
18132  -37.584316  35.244846  17.311096 0.000000
18134  -36.569977  36.203949  16.134983 0.000000
18135  -37.318417  39.640816  26.459503 0.000000
18136  -38.449398  39.249073  26.915558 0.000000
18137  -38.358452  40.325874  25.770691 0.000000
18138  -39.526234  42.356911  22.452631 0.000000
18139  -40.174736  41.358147  23.620945 0.000000
18140  -40.557838  41.434494  22.345638 0.000000
18141  -40.994110  39.991810  22.072626 0.000000
18142  -40.499146  41.325615  20.939482 0.000000
18143  -36.787987  45.538261  18.181448 0.000000
18144  -37.195240  44.714199  19.011202 0.000000
18145  -37.094524  44.475201  17.982870 0.000000
18146  -36.845917  41.868420  16.452099 0.000000
18147  -37.593315  42.223526  17.526585 0.000000
18148  -37.958954  41.145138  17.202911 0.000000
18149  -38.898033  40.402596  18.424105 0.000000
18150  -38.126263  39.979656  17.254459 0.000000
18151  -38.310280  38.762360  17.415289 0.000000
18152  -37.474327  39.714211  16.073984 0.000000
18153  -36.039471  40.644058  12.928073 0.000000
18154  -36.450947  39.737732  13.982801 0.000000
18155  -36.112541  39.725254  12.968677 0.000000
18156  -35.801079  38.455959  13.070760 0.000000
19142  -43.639626  29.540812  29.474392 0.000000
19143  -43.338478  30.532833  28.920666 0.000000
19144  -42.546288  30.079153  29.532993 0.000000
19145  -39.063831  30.237823  29.613132 0.000000
19146  -40.276127  30.966543  29.309811 0.000000
19147  -39.202671  31.523703  29.274466 0.000000
19148  -39.379795  33.036369  29.161060 0.000000
19149  -38.151596  32.097408  29.172348 0.000000
19170  -34.799706  32.014980  29.543793 0.000000
19171  -36.016701  33.012276  29.108944 0.000000
19172  -35.005108  33.359058  29.100412 0.000000
19173  -35.269608  34.747620  28.746191 0.000000
19174  -34.163475  33.770481  29.152380 0.000000
19176  -32.427998  33.690479  28.385431 0.000000
23494  -41.002861  34.020634  28.171280 0.000000
23495  -40.954113  34.146904  27.204372 0.000000
23496  -40.432880  35.250130  27.665274 0.000000
23497  -39.962254  36.314449  26.964014 0.000000
23498  -39.909843  37.400730  26.227116 0.000000
23500  -34.395237  48.719154  16.760441 0.000000
24574  -33.312218  36.122784  25.635599 0.000000
24575  -33.847355  37.061687  25.321222 0.000000
24576  -32.611614  36.484497  24.330944 0.000000
24577  -31.798145  37.092022  23.112204 0.000000
24578  -31.378759  37.798065  21.418955 0.000000
25847  -44.251186  31.034969  24.645336 0.000000
25848  -41.562111  34.261402  22.897095 0.000000
25849  -42.463036  33.749401  22.791767 0.000000
25850  -42.019806  34.435516  22.132486 0.000000
25851  -42.235184  34.560783  21.365253 0.000000
25852  -41.974586  34.542252  20.533211 0.000000
25853  -41.239830  34.426418  19.688349 0.000000
25854  -40.920696  35.227654  19.586086 0.000000
25855  -39.705936  35.805332  18.818449 0.000000
25856  -38.461411  36.494904  17.993839 0.000000
25857  -36.772278  41.001354  23.611017 0.000000
25858  -38.095802  41.188911  24.394053 0.000000
25859  -37.550945  42.002045  23.043686 0.000000
25860  -38.208721  42.782387  22.282272 0.000000
25861  -38.550167  43.163185  21.098518 0.000000
25862  -36.848118  45.492893  16.146679 0.000000
25863  -36.873810  44.236961  16.918394 0.000000
25864  -36.554424  44.059601  15.820671 0.000000
25865  -36.235035  42.806824  15.613863 0.000000
25866  -36.156483  41.613228  15.345667 0.000000
25867  -36.484753  40.652409  15.075992 0.000000
25868  -35.893074  41.506603  14.131735 0.000000
25869  -35.904457  41.486126  12.886691 0.000000
26463  -41.364273  29.462723  29.916332 0.000000
26481  -33.183350  32.798409  29.643972 0.000000
29860  -43.841866  30.945690  27.029907 0.000000
29861  -43.749317  31.198811  26.171835 0.000000
29862  -42.931934  31.745197  26.210629 0.000000
29863  -42.174843  32.425617  25.382187 0.000000
29864  -41.576328  33.159508  24.544331 0.000000
29865  -40.861649  34.049706  26.097019 0.000000
29866  -40.895306  33.964867  24.930965 0.000000
29867  -41.159798  34.054478  23.860935 0.000000
29868  -40.991394  35.055153  23.217501 0.000000
29869  -40.894531  36.188076  22.576740 0.000000
29870  -40.942120  37.342724  21.729961 0.000000
29871  -34.823589  44.801922  19.088114 0.000000
29872  -35.967716  44.861504  19.720085 0.000000
29873  -35.524723  45.848961  18.880430 0.000000
29874  -36.204430  46.463249  18.433044 0.000000
29875  -36.649174  46.720020  17.644585 0.000000
29876  -35.717648  48.821037  17.243162 0.000000
29877  -36.711395  48.105347  17.174133 0.000000
29878  -36.951107  46.880135  16.589300 0.000000
29879  -37.109688  46.854271  15.586967 0.000000
29880  -37.346851  46.765907  14.492764 0.000000
32359  -37.361290  36.506966  28.455952 0.000000
32360  -38.030663  37.431099  28.222834 0.000000
32361  -36.999031  37.855049  27.893574 0.000000
32362  -36.494041  38.811882  26.856537 0.000000
32363  -36.108738  39.499527  25.555700 0.000000
32364  -34.243767  38.072475  24.981655 0.000000
32365  -34.910217  39.071449  24.542484 0.000000
32366  -35.882164  40.014042  24.095678 0.000000
32367  -35.600510  40.585785  22.595694 0.000000
32368  -35.123665  41.494354  21.232204 0.000000
32369  -34.591816  42.438416  20.135395 0.000000
32371  -30.227005  37.566414  20.489202 0.000000
32372  -30.953445  38.684582  19.928894 0.000000
32373  -29.129175  39.837196  18.229677 0.000000
32374  -30.342365  39.803352  18.761438 0.000000
32375  -31.748663  39.818741  19.541092 0.000000
32376  -32.613598  41.052109  19.335583 0.000000
32377  -33.440151  42.281837  19.168098 0.000000
32378  -34.196114  43.644939  19.147610 0.000000
32379  -33.597149  44.761436  18.461979 0.000000
32380  -33.196144  46.086018  18.426268 0.000000
32381  -32.822781  47.185936  17.845591 0.000000
35028  -43.904915  31.444921  25.388597 0.000000
35029  -44.216228  31.783962  24.591867 0.000000
35030  -44.397850  32.026405  23.655636 0.000000
35031  -43.371288  33.241043  22.817337 0.000000
35032  -44.073082  32.706226  22.733700 0.000000
35033  -44.294426  32.007206  22.797182 0.000000
35034  -43.877327  31.888245  22.118517 0.000000
35040  -40.359184  34.050407  19.019711 0.000000
35046  -38.727795  38.153065  27.691021 0.000000
35047  -39.433437  38.582066  26.760662 0.000000
35048  -40.258972  38.715252  25.631428 0.000000
35049  -39.398983  40.911713  24.790417 0.000000
35050  -40.347881  40.116402  24.616886 0.000000
35051  -40.771313  38.821815  24.200924 0.000000
35052  -40.932381  38.788151  23.052143 0.000000
35053  -40.956673  38.665344  21.879108 0.000000
35054  -40.947784  38.454990  20.631359 0.000000
35055  -36.999306  44.615303  20.076729 0.000000
35056  -37.756641  43.991467  20.066242 0.000000
35057  -38.497448  43.106705  19.878757 0.000000
35058  -37.306244  43.434628  17.790014 0.000000
35059  -38.204384  42.745678  18.625406 0.000000
35060  -39.304253  42.130116  19.661732 0.000000
35061  -39.796066  40.809834  19.572458 0.000000
35062  -40.059795  39.452690  19.600513 0.000000
35063  -40.257519  38.299911  19.583736 0.000000
35064  -39.218224  37.909397  18.657366 0.000000
35065  -38.344391  37.553963  17.714977 0.000000
35066  -37.480320  37.446983  16.701061 0.000000
35067  -37.025520  39.730328  14.904589 0.000000
35068  -36.997711  38.484352  15.272635 0.000000
35069  -36.724751  37.351391  15.714020 0.000000
35070  -36.043114  37.292225  14.583842 0.000000
36273  -44.514278  30.139090  27.762802 0.000000
36274  -43.725578  30.787670  27.961964 0.000000
36275  -42.783596  31.447346  28.260401 0.000000
36276  -42.022057  32.136055  28.554342 0.000000
36277  -41.378654  30.495502  29.452648 0.000000
36278  -41.424904  31.681095  29.202961 0.000000
36279  -41.328110  32.980152  28.765301 0.000000
36280  -40.552486  33.751781  29.075296 0.000000
36281  -39.513786  34.484394  29.160391 0.000000
36282  -38.442104  34.912006  29.038858 0.000000
36306  -36.828636  31.136753  29.572498 0.000000
36307  -37.046955  32.584499  29.094055 0.000000
36308  -37.234989  34.033241  29.008472 0.000000
36309  -37.352219  35.323769  28.746662 0.000000
36310  -36.280495  35.601685  28.558655 0.000000
36311  -35.425854  35.901234  28.330387 0.000000
36312  -34.468750  35.956539  27.731049 0.000000
36313  -33.284966  33.914124  28.990189 0.000000
36314  -33.423931  34.929295  28.054052 0.000000
36315  -33.417465  35.626305  26.837393 0.000000
36316  -32.313148  35.014908  25.802008 0.000000
41212  -38.927849  35.957695  28.851233 0.000000
41213  -39.250736  36.312592  28.638412 0.000000
41214  -38.793068  36.540142  28.606434 0.000000
42519  -44.254742  30.307947  26.534344 0.000000
42520  -40.996376  36.724091  21.048042 0.000000
42521  -41.046986  36.136314  20.992773 0.000000
42522  -40.938633  36.683548  20.487675 0.000000
42523  -40.722767  36.562378  19.995304 0.000000
42524  -40.737217  37.162956  20.051752 0.000000
42525  -35.514736  43.184200  20.469946 0.000000
42526  -36.099251  43.346966  20.877054 0.000000
42527  -35.840466  43.780235  20.369144 0.000000
42528  -37.209057  45.218361  13.417955 0.000000
42529  -36.751560  44.557194  13.730246 0.000000
42530  -36.866196  44.554897  13.131398 0.000000
42531  -36.490074  43.892967  12.881104 0.000000
44917  -41.865410  32.584114  27.635288 0.000000
44918  -41.808125  32.627403  27.126881 0.000000
44919  -41.555855  33.098694  27.297235 0.000000
44920  -40.127174  36.815632  25.425093 0.000000
44921  -40.115597  36.090385  25.246311 0.000000
44922  -40.354759  36.815681  24.886053 0.000000
44923  -40.556511  36.879463  24.338657 0.000000
44924  -40.591503  37.460007  24.505381 0.000000
44925  -33.865135  47.722137  17.857311 0.000000
44926  -34.475384  47.767601  18.134487 0.000000
44927  -34.294212  48.148460  17.687527 0.000000
44928  -35.013042  49.854763  14.274190 0.000000
44929  -35.616676  49.689594  15.010681 0.000000
44930  -35.684498  49.808170  14.428449 0.000000
44931  -36.316608  49.534451  14.482683 0.000000
46717  -34.891880  36.838867  27.179871 0.000000
46718  -35.146015  37.305279  27.039423 0.000000
46719  -34.646774  37.114044  26.530752 0.000000
46720  -32.434807  38.464481  21.741100 0.000000
46721  -32.970539  38.649933  22.295168 0.000000
46722  -32.917294  39.040962  21.482056 0.000000
46723  -33.420586  39.595001  21.238644 0.000000
46724  -32.765034  39.439266  20.713268 0.000000
46728  -30.088047  43.058502  17.687469 0.000000
46729  -30.317932  42.265034  17.705606 0.000000
46730  -30.678228  43.000237  17.824245 0.000000
46731  -31.312027  42.936531  17.957142 0.000000
46732  -31.105865  43.770706  18.007298 0.000000
46733  -31.437836  44.412121  18.108418 0.000000
46734  -30.812687  44.551231  18.087507 0.000000
48839  -44.110477  31.201517  23.446117 0.000000
48840  -42.170658  32.998951  24.005785 0.000000
48841  -42.671547  32.794079  23.949135 0.000000
48842  -42.455929  33.157204  23.551777 0.000000
48843  -42.569733  33.865562  21.087082 0.000000
48844  -43.001076  33.576763  21.546482 0.000000
48845  -42.711903  33.504082  21.096960 0.000000
48846  -42.817619  33.152283  21.046387 0.000000
48847  -42.366676  33.414219  20.710447 0.000000
48848  -41.946281  33.299129  20.382786 0.000000
48849  -41.897526  33.671783  20.358158 0.000000
48850  -38.018551  35.862598  17.657516 0.000000
48851  -38.147652  35.380394  17.728153 0.000000
48852  -37.492359  35.773018  17.229626 0.000000
48853  -37.025990  35.694252  16.791721 0.000000
48854  -36.996910  36.238403  16.626995 0.000000
48855  -37.166256  39.974236  25.799839 0.000000
48856  -37.832344  39.961102  26.155476 0.000000
48857  -37.720783  40.327667  25.497196 0.000000
48858  -39.622845  42.461418  21.800655 0.000000
48859  -40.090591  41.949425  22.444241 0.000000
48860  -40.210533  42.045429  21.747166 0.000000
48861  -40.643200  41.444725  21.642815 0.000000
48862  -40.082626  41.956207  21.016129 0.000000
48863  -36.796280  45.522987  17.690342 0.000000
48864  -36.974228  45.007210  18.082409 0.000000
48865  -36.924580  44.896908  17.538960 0.000000
48866  -36.982143  41.323708  16.348618 0.000000
48867  -37.409294  41.501900  16.820547 0.000000
48868  -37.532742  40.967907  16.676561 0.000000
48869  -38.041088  40.530506  17.188255 0.000000
48870  -37.618771  40.357475  16.593609 0.000000
48871  -37.738113  39.824623  16.685131 0.000000
48872  -37.310432  40.274223  16.069654 0.000000
48873  -36.073456  40.659302  12.376792 0.000000
48874  -36.107731  40.240681  12.957031 0.000000
48875  -36.083275  40.217133  12.405560 0.000000
48876  -35.982693  39.684975  12.410986 0.000000
49862  -43.198219  29.370300  29.788803 0.000000
49863  -43.110878  29.839304  29.546360 0.000000
49864  -42.597610  29.562510  29.735886 0.000000
49865  -38.499912  30.431116  29.584112 0.000000
49866  -39.117783  30.846039  29.412342 0.000000
49867  -38.577827  31.067453  29.376642 0.000000
49868  -38.667480  31.790661  29.193325 0.000000
49869  -38.054508  31.321188  29.323139 0.000000
49888  -33.799366  31.804657  29.944422 0.000000
49889  -34.246349  31.579823  29.927044 0.000000
49890  -34.335884  32.184792  29.540874 0.000000
49891  -34.905022  32.677479  29.311695 0.000000
49892  -34.456551  32.895294  29.306067 0.000000
49893  -34.577557  33.585960  29.121298 0.000000
49894  -34.041969  33.104229  29.332371 0.000000
54517  -40.698837  34.486481  28.420918 0.000000
54518  -40.735928  34.651932  27.948267 0.000000
54519  -40.482178  35.128048  28.215305 0.000000
54520  -39.706474  36.723423  27.743298 0.000000
54521  -39.977020  36.310448  27.553843 0.000000
54522  -39.814445  36.796391  27.163647 0.000000
54523  -39.864403  36.819527  26.597095 0.000000
54524  -39.734966  37.409676  26.841364 0.000000
56317  -32.724701  35.815437  25.099236 0.000000
56318  -33.051430  36.252907  24.918159 0.000000
56319  -32.404629  35.987831  24.447887 0.000000
56320  -30.890223  36.362267  22.777697 0.000000
56321  -31.529327  36.558540  23.280029 0.000000
56322  -31.186365  36.910145  22.570669 0.000000
56323  -31.523401  37.443951  22.296103 0.000000
56324  -30.985306  37.316814  21.752758 0.000000
58439  -44.236561  30.924236  25.064827 0.000000
58440  -41.448589  34.699654  22.578709 0.000000
58441  -41.827168  34.366188  22.516804 0.000000
58442  -41.668606  34.741371  22.162319 0.000000
58443  -41.527061  35.257057  20.872717 0.000000
58444  -41.858864  34.896378  21.302620 0.000000
58445  -41.889355  34.886528  20.926245 0.000000
58446  -42.215965  34.547981  20.991493 0.000000
58447  -41.750122  34.907860  20.496052 0.000000
58448  -41.491768  34.892647  20.040943 0.000000
58449  -41.212109  35.296364  20.000696 0.000000
58450  -40.027016  36.329578  19.144627 0.000000
58451  -40.152428  35.919006  19.161341 0.000000
58452  -39.554588  36.229748  18.788536 0.000000
58453  -39.062824  36.106125  18.458315 0.000000
58454  -38.946594  36.610497  18.399216 0.000000
58455  -36.547813  41.296326  22.922411 0.000000
58456  -37.243889  41.499550  23.300543 0.000000
58457  -36.885632  41.880020  22.651480 0.000000
58458  -37.208015  43.411644  21.505054 0.000000
58459  -37.527592  42.849548  22.061291 0.000000
58460  -37.802120  43.210323  21.655094 0.000000
58461  -38.438683  43.031639  21.710255 0.000000
58462  -37.974468  43.459412  21.136328 0.000000
58463  -36.891239  45.406197  15.677790 0.000000
58464  -36.758617  44.703209  15.959872 0.000000
58465  -36.711662  44.682037  15.455546 0.000000
58466  -36.057190  43.241356  14.437338 0.000000
58467  -36.177986  43.346874  15.082663 0.000000
58468  -35.999256  42.677189  14.956503 0.000000
58469  -36.154846  42.192726  15.496344 0.000000
58470  -35.907295  42.097511  14.863492 0.000000
58471  -35.952541  41.589329  14.754621 0.000000
58472  -35.808594  41.998611  14.235570 0.000000
58473  -36.026947  42.587902  12.505091 0.000000
58474  -35.876469  41.949799  12.946783 0.000000
58475  -35.931293  42.006367  12.378535 0.000000
58476  -35.975739  41.492794  12.304561 0.000000
65632  -43.445126  31.243887  27.048717 0.000000
65633  -43.367310  31.334171  26.609390 0.000000
65634  -42.943993  31.594975  26.704092 0.000000
65635  -41.763916  32.692070  26.086176 0.000000
65636  -42.110817  32.345127  25.911545 0.000000
65637  -41.797485  32.726540  25.543930 0.000000
65638  -41.877041  32.781128  25.000668 0.000000
65639  -41.505638  33.104485  25.128960 0.000000
65640  -40.666309  34.702995  26.915775 0.000000
65641  -40.930290  34.148869  26.669607 0.000000
65642  -40.607307  34.612984  26.298679 0.000000
65643  -40.486221  34.994804  24.779827 0.000000
65644  -40.601524  34.456665  25.140385 0.000000
65645  -40.706367  34.458660  24.608440 0.000000
65646  -41.006229  33.982738  24.391384 0.000000
65647  -40.860588  34.490288  24.080282 0.000000
65648  -40.998657  34.540657  23.576878 0.000000
65649  -40.827705  35.016651  23.748491 0.000000
65650  -40.824322  36.852249  23.210148 0.000000
65651  -40.834755  36.227741  23.064365 0.000000
65652  -40.845833  36.800377  22.685781 0.000000
65653  -40.858223  36.763817  22.202089 0.000000
65654  -40.837540  37.429482  22.335705 0.000000
65655  -34.527725  45.381702  18.760582 0.000000
65656  -35.186508  45.421097  18.990650 0.000000
65657  -34.948944  45.950077  18.751829 0.000000
65658  -35.657787  47.506306  18.416849 0.000000
65659  -35.749523  46.843376  18.516836 0.000000
65660  -36.207653  47.133919  18.308432 0.000000
65661  -36.444389  46.618092  18.074934 0.000000
65662  -36.494774  47.299389  17.953909 0.000000
65663  -34.577621  49.007713  16.369482 0.000000
65664  -35.065895  48.856133  17.067356 0.000000
65665  -35.277992  49.108509  16.613132 0.000000
65666  -36.603138  48.742737  16.215445 0.000000
65667  -36.563068  48.739494  16.789032 0.000000
65668  -36.873604  48.143196  16.643887 0.000000
65669  -36.931686  47.515965  16.926746 0.000000
65670  -37.052254  47.578362  16.387188 0.000000
65671  -37.066902  46.924316  16.103369 0.000000
65672  -37.124435  47.596519  15.821818 0.000000
65673  -37.292660  48.337177  14.265854 0.000000
65674  -37.318356  47.538204  14.668047 0.000000
65675  -37.518581  47.572861  14.109100 0.000000
65676  -37.571152  46.729061  13.925026 0.000000
71032  -36.858543  36.673435  28.310574 0.000000
71033  -37.181072  37.204147  28.227484 0.000000
71034  -36.700787  37.345337  28.052441 0.000000
71035  -35.715557  38.302441  26.727020 0.000000
71036  -36.254837  38.370247  27.126545 0.000000
71037  -35.969978  38.729851  26.466806 0.000000
71038  -36.313717  39.183250  26.253210 0.000000
71039  -35.701569  39.039116  25.797287 0.000000
71040  -33.446873  37.274651  24.660702 0.000000
71041  -34.027256  37.546577  25.185808 0.000000
71042  -33.666565  37.782997  24.406384 0.000000
71043  -34.166119  39.044361  23.305984 0.000000
71044  -34.299385  38.809948  23.992619 0.000000
71045  -34.790783  39.299736  23.813211 0.000000
71046  -35.403069  39.564514  24.319742 0.000000
71047  -35.332691  39.788818  23.582716 0.000000
71048  -35.774914  40.284359  23.337437 0.000000
71049  -35.150917  40.054321  22.832790 0.000000
71050  -34.184891  40.711178  20.856220 0.000000
71051  -34.784138  40.908413  21.390318 0.000000
71052  -34.517342  41.331230  20.726618 0.000000
71053  -34.807671  41.931938  20.644047 0.000000
71054  -34.255821  41.799706  20.192204 0.000000
71058  -29.192099  38.081924  19.494534 0.000000
71059  -29.537128  37.523151  20.121714 0.000000
71060  -29.882965  38.095451  19.812073 0.000000
71061  -30.578922  38.127552  20.165567 0.000000
71062  -30.240149  38.674431  19.549595 0.000000
71063  -28.385700  40.609291  17.562698 0.000000
71064  -28.545349  39.904499  17.967709 0.000000
71065  -29.013296  40.465466  17.760313 0.000000
71066  -30.694498  40.925854  18.180136 0.000000
71067  -30.214630  40.373974  18.325506 0.000000
71068  -30.808914  40.355579  18.605289 0.000000
71069  -31.026714  39.807610  19.145664 0.000000
71070  -31.450769  40.399223  18.995319 0.000000
71071  -32.196281  40.427467  19.364267 0.000000
71072  -31.935486  40.989281  18.905024 0.000000
71073  -32.592560  42.881477  18.417948 0.000000
71074  -32.807030  42.218880  18.784595 0.000000
71075  -33.240093  42.933895  18.741974 0.000000
71076  -33.833107  42.978607  19.152636 0.000000
71077  -33.633163  43.612633  18.698099 0.000000
71078  -33.917126  44.185020  18.695784 0.000000
71079  -33.274788  44.175499  18.397400 0.000000
71080  -32.151344  45.592613  18.250147 0.000000
71081  -32.794262  45.401989  18.284550 0.000000
71082  -32.571510  46.186333  18.280918 0.000000
71083  -33.010765  46.878414  18.345938 0.000000
71084  -32.365700  46.837334  18.088413 0.000000
77400  -43.444527  31.652048  25.717035 0.000000
77401  -43.827789  31.340862  25.752487 0.000000
77402  -43.552082  31.779392  25.300781 0.000000
77403  -43.637833  32.499886  23.982756 0.000000
77404  -43.864635  32.094318  24.496155 0.000000
77405  -44.023895  32.233936  24.074566 0.000000
77406  -44.291973  31.913538  24.124470 0.000000
77407  -44.163643  32.390331  23.641684 0.000000
77408  -42.691113  33.868389  22.471031 0.000000
77409  -42.925381  33.499779  22.797253 0.000000
77410  -43.133099  33.621002  22.487879 0.000000
77411  -43.755165  32.942993  22.029968 0.000000
77412  -43.819611  32.990299  22.402689 0.000000
77413  -44.017780  32.664131  22.365982 0.000000
77414  -44.254745  32.400696  22.736439 0.000000
77415  -44.114265  32.300117  22.378601 0.000000
77416  -44.142902  31.937790  22.463711 0.000000
77417  -43.886074  32.248222  22.042385 0.000000
77418  -42.969620  32.448662  21.064865 0.000000
77419  -43.305683  32.161762  21.413675 0.000000
77430  -40.670601  34.718151  19.234705 0.000000
77431  -40.823299  34.261696  19.362247 0.000000
77432  -40.226372  34.525459  18.910854 0.000000
77433  -38.368366  34.364655  17.799585 0.000000
77434  -39.059353  34.102745  18.218159 0.000000
77445  -37.760353  38.082756  27.890659 0.000000
77446  -38.370033  37.824577  27.965546 0.000000
77447  -38.179035  38.410606  27.640757 0.000000
77448  -38.975712  39.606762  26.483923 0.000000
77449  -38.987427  38.970512  26.919577 0.000000
77450  -39.493385  39.214993  26.370596 0.000000
77451  -39.844006  38.695557  26.176702 0.000000
77452  -39.968193  39.352806  25.785404 0.000000
77453  -38.561310  41.598396  24.030096 0.000000
77454  -38.763939  41.158642  24.651875 0.000000
77455  -39.256481  41.451187  24.195526 0.000000
77456  -40.561470  40.802502  23.483953 0.000000
77457  -40.318344  40.760719  24.101229 0.000000
77458  -40.618736  40.178623  23.924446 0.000000
77459  -40.635658  39.504585  24.456417 0.000000
77460  -40.787067  39.559586  23.754995 0.000000
77461  -40.867516  38.884804  23.624643 0.000000
77462  -40.884682  39.453789  23.142429 0.000000
77463  -40.961357  39.934555  21.434381 0.000000
77464  -40.987404  39.321522  21.978794 0.000000
77465  -40.954029  39.235634  21.364679 0.000000
77466  -40.965023  38.552639  21.246361 0.000000
77467  -40.869316  39.116577  20.726009 0.000000
77468  -36.247810  45.238598  19.451641 0.000000
77469  -36.553268  44.806278  19.991108 0.000000
77470  -36.747681  45.028225  19.573877 0.000000
77471  -37.474812  44.271660  18.976583 0.000000
77472  -37.472256  44.372707  19.553471 0.000000
77473  -37.766907  43.937813  19.473518 0.000000
77474  -38.121037  43.540627  20.003180 0.000000
77475  -38.084473  43.437004  19.375286 0.000000
77476  -36.809006  43.617424  16.857679 0.000000
77477  -37.028004  43.775948  17.379648 0.000000
77478  -37.059349  43.225746  17.298557 0.000000
77479  -38.120708  41.867771  17.939672 0.000000
77480  -37.891468  42.498589  18.028727 0.000000
77481  -38.445892  42.159435  18.497036 0.000000
77482  -38.759552  42.455372  19.077875 0.000000
77483  -38.999298  41.836514  19.042334 0.000000
77484  -39.539303  41.513874  19.612635 0.000000
77485  -39.179260  41.242424  18.986614 0.000000
77486  -39.008972  39.765556  18.507061 0.000000
77487  -39.478802  39.898430  19.055593 0.000000
77488  -39.604095  39.284363  19.065113 0.000000
77489  -40.161552  38.867470  19.571264 0.000000
77490  -39.723064  38.716438  19.105734 0.000000
77491  -39.776512  38.135818  19.109369 0.000000
77492  -39.179165  38.515728  18.662289 0.000000
77493  -37.937550  38.652565  16.865038 0.000000
77494  -38.332882  38.130104  17.569498 0.000000
77495  -37.973412  38.074093  17.023458 0.000000
77496  -37.917397  37.495148  17.190275 0.000000
77497  -37.568653  38.009838  16.495728 0.000000
77498  -36.323254  40.672081  14.513410 0.000000
77499  -36.742126  40.218231  14.969716 0.000000
77500  -36.566231  40.247032  14.455406 0.000000
77501  -36.516678  39.115078  14.078825 0.000000
77502  -36.750835  39.115845  14.550089 0.000000
77503  -36.777699  38.461815  14.802831 0.000000
77504  -36.886005  37.896389  15.519567 0.000000
77505  -36.550591  37.885643  14.980118 0.000000
77506  -36.377888  37.341805  15.179184 0.000000
77507  -36.225994  37.857185  14.410153 0.000000
77508  -35.527946  38.424946  12.395768 0.000000
77509  -35.577625  37.808689  13.211367 0.000000
80462  -44.427750  29.999949  28.241520 0.000000
80463  -44.163151  30.495930  27.871243 0.000000
80464  -44.036842  30.337942  28.377102 0.000000
80465  -42.839531  30.824535  29.010380 0.000000
80466  -43.063026  31.015873  28.597269 0.000000
80467  -42.618416  31.371683  28.696331 0.000000
80468  -42.343842  31.841846  28.346380 0.000000
80469  -42.232403  31.680050  28.838299 0.000000
80470  -40.787651  29.602808  29.803741 0.000000
80471  -41.377777  29.947067  29.630362 0.000000
80472  -40.810627  30.104284  29.532410 0.000000
80473  -40.360039  31.652370  29.263037 0.000000
80474  -40.877491  31.357151  29.292553 0.000000
80475  -40.922138  32.042694  29.213312 0.000000
80476  -41.443642  32.381653  29.042130 0.000000
80477  -40.939442  32.716911  29.119583 0.000000
80478  -40.935902  33.350452  28.906464 0.000000
80479  -40.487175  33.053673  29.119898 0.000000
80480  -38.853020  33.359184  29.153782 0.000000
80481  -39.459686  33.782295  29.175283 0.000000
80482  -38.924953  34.061607  29.163349 0.000000
80483  -38.976501  34.730724  29.118542 0.000000
80484  -38.379097  34.250977  29.108257 0.000000
80541  -35.115219  31.144388  29.875042 0.000000
80543  -35.662159  30.960211  29.909021 0.000000
80544  -36.219093  30.754827  29.947245 0.000000
80545  -36.295765  31.380878  29.575037 0.000000
80546  -36.906460  31.783192  29.270115 0.000000
80547  -36.399010  32.106125  29.276783 0.000000
80548  -36.064529  33.696388  28.995010 0.000000
80549  -36.617363  33.529396  29.014828 0.000000
80550  -36.662418  34.209656  28.931747 0.000000
80551  -37.287243  34.707493  28.926647 0.000000
80552  -36.713593  34.839302  28.801764 0.000000
80553  -36.787628  35.401230  28.634241 0.000000
80554  -36.213200  35.046291  28.698994 0.000000
80555  -34.818703  34.830040  28.734253 0.000000
80556  -35.373123  35.344555  28.565466 0.000000
80557  -34.891438  35.364212  28.460882 0.000000
80558  -34.933704  35.888924  28.091496 0.000000
80559  -34.429810  35.459507  28.223698 0.000000
80560  -32.788456  32.931496  29.578863 0.000000
80561  -33.234264  33.336678  29.341009 0.000000
80562  -32.804840  33.414284  29.184076 0.000000
80563  -32.443920  34.046719  27.767282 0.000000
80564  -32.922985  34.369453  28.268499 0.000000
80565  -32.958691  34.737423  27.661785 0.000000
80566  -33.468811  35.301083  27.457378 0.000000
80567  -32.944786  35.043011  26.985142 0.000000
80568  -32.859215  35.319134  26.310993 0.000000
80569  -32.354561  34.688824  26.469982 0.000000
92614  -39.882126  35.364998  28.832266 0.000000
92615  -40.064049  35.612274  28.438696 0.000000
92616  -39.668945  36.011330  28.587284 0.000000
92617  -39.573025  36.591736  28.295710 0.000000
92618  -39.359886  37.130276  27.917141 0.000000
93694  -31.481512  35.235920  24.204973 0.000000
93695  -31.728647  35.745533  24.002844 0.000000
93696  -31.078146  35.525280  23.562946 0.000000
93697  -30.663427  35.864838  22.929495 0.000000
93698  -30.306980  36.188267  22.241669 0.000000
94967  -44.163902  30.626120  25.847727 0.000000
94968  -41.117424  35.625813  21.891169 0.000000
94969  -41.437981  35.181068  21.765490 0.000000
94970  -41.215324  35.653389  21.392803 0.000000
94971  -41.210537  35.672909  20.876492 0.000000
94972  -41.179512  35.634315  20.418762 0.000000
94973  -40.998344  35.655098  19.978815 0.000000
94974  -40.852215  36.040001  19.975578 0.000000
94975  -40.469688  36.453228  19.539185 0.000000
94976  -39.947132  36.815575  19.151203 0.000000
94977  -36.022224  42.205849  21.590954 0.000000
94978  -36.592056  42.342896  22.028393 0.000000
94979  -36.361530  42.852325  21.444389 0.000000
94980  -36.663902  43.444542  21.255386 0.000000
94981  -36.949821  43.893517  20.953476 0.000000
94982  -36.982407  45.328362  14.621353 0.000000
94983  -36.712803  44.628723  14.899221 0.000000
94984  -36.699867  44.609707  14.335544 0.000000
94985  -36.327721  43.892517  14.060651 0.000000
94986  -36.027168  43.186722  13.854437 0.000000
94987  -35.889141  42.537651  13.702032 0.000000
94988  -36.084145  43.185692  13.267949 0.000000
94989  -36.214966  43.227791  12.676478 0.000000
99283  -42.534111  31.826466  27.325642 0.000000
99284  -42.507149  31.876846  26.827679 0.000000
99285  -42.126484  32.219299  26.939489 0.000000
99286  -41.785030  32.655968  26.614750 0.000000
99287  -41.504292  33.112324  26.276215 0.000000
99288  -40.153458  35.663826  26.164623 0.000000
99289  -40.347950  35.091209  25.947895 0.000000
99290  -40.203625  35.579247  25.596376 0.000000
99291  -40.296551  35.544319  24.978916 0.000000
99292  -40.509010  35.578484  24.422293 0.000000
99293  -40.689064  35.592609  23.931143 0.000000
99294  -40.591225  36.234184  24.127489 0.000000
99295  -40.777008  36.900295  23.797943 0.000000
99296  -40.876762  37.468483  23.378063 0.000000
99297  -34.169823  46.649330  18.552826 0.000000
99298  -34.747906  46.584503  18.623962 0.000000
99299  -34.588818  47.244892  18.444424 0.000000
99300  -35.070747  47.691963  18.329662 0.000000
99301  -35.525852  48.072857  18.130741 0.000000
99302  -34.880634  49.474224  15.361066 0.000000
99303  -35.452068  49.368900  16.121243 0.000000
99304  -35.547817  49.519165  15.555084 0.000000
99305  -36.159401  49.346596  15.660349 0.000000
99306  -36.654919  48.877556  15.593203 0.000000
99307  -37.004128  48.246029  15.441236 0.000000
99308  -36.728256  48.969894  14.958334 0.000000
99309  -36.879505  49.011070  14.405558 0.000000
102523  -35.906376  36.902187  27.940868 0.000000
102524  -36.207508  37.415813  27.843227 0.000000
102525  -35.705715  37.409222  27.501720 0.000000
102526  -35.445026  37.796360  26.915197 0.000000
102527  -35.133259  38.044170  26.233002 0.000000
102528  -32.684704  37.761040  23.295965 0.000000
102529  -33.346184  38.022301  23.695261 0.000000
102530  -33.097561  38.295540  23.036270 0.000000
102531  -33.595757  38.820545  22.789295 0.000000
102532  -34.072308  39.353951  22.555540 0.000000
102533  -34.533161  39.876064  22.327013 0.000000
102534  -33.987030  39.742119  21.768660 0.000000
102535  -33.862732  40.138390  21.033829 0.000000
102536  -33.546627  40.609138  20.370178 0.000000
102541  -28.884487  38.632011  18.953892 0.000000
102542  -29.309265  41.703396  17.443169 0.000000
102543  -29.500217  41.034355  17.690495 0.000000
102544  -29.970814  41.575558  17.639507 0.000000
102545  -30.575891  41.533485  17.868769 0.000000
102546  -31.156506  41.550087  18.142099 0.000000
102547  -31.744797  41.565926  18.465389 0.000000
102548  -31.572027  42.223541  18.147060 0.000000
102549  -31.992176  42.901508  18.148355 0.000000
102550  -32.331230  43.575291  18.204744 0.000000
102551  -32.644131  44.215225  18.249546 0.000000
102552  -32.057655  44.265633  18.119684 0.000000
102553  -31.743494  45.042549  18.183788 0.000000
102554  -31.524364  45.771446  18.214785 0.000000
106343  -43.783165  31.109135  22.645113 0.000000
106344  -42.731621  32.342186  24.820179 0.000000
106345  -43.209152  32.164848  24.842007 0.000000
106346  -42.945770  32.484657  24.390957 0.000000
106347  -43.207527  32.678223  23.965267 0.000000
106348  -43.374100  32.849678  23.536407 0.000000
106349  -42.906189  33.911278  21.765306 0.000000
106350  -43.231422  33.615078  22.120621 0.000000
106351  -43.188713  33.601383  21.824554 0.000000
106352  -43.401161  33.243015  21.771439 0.000000
106353  -43.537712  32.889793  21.677486 0.000000
106354  -43.598610  32.578915  21.640217 0.000000
106355  -43.231655  32.891502  21.332016 0.000000
106356  -42.933022  32.811390  20.999918 0.000000
106357  -42.572952  32.679409  20.728411 0.000000
106359  -42.101677  32.899696  20.364187 0.000000
106360  -41.563622  33.151070  19.984110 0.000000
106361  -40.995045  33.396706  19.535408 0.000000
106362  -39.335796  35.210754  18.504574 0.000000
106363  -39.515785  34.757759  18.500668 0.000000
106364  -38.813297  35.040462  18.139606 0.000000
106365  -38.266655  34.866131  17.770300 0.000000
106366  -37.672081  34.700863  17.339087 0.000000
106368  -37.072186  35.123123  16.848761 0.000000
106369  -36.545937  35.603008  16.277622 0.000000
106370  -36.102531  36.198715  15.587334 0.000000
106371  -37.426235  39.142761  26.988028 0.000000
106372  -38.018120  38.923878  27.223719 0.000000
106373  -37.878197  39.460140  26.741985 0.000000
106374  -38.410873  39.845184  26.368305 0.000000
106375  -38.940399  40.144081  25.917480 0.000000
106376  -39.327354  42.187843  23.055746 0.000000
106377  -39.664146  41.721272  23.677448 0.000000
106378  -39.954094  41.875557  23.103678 0.000000
106379  -40.406609  41.421650  23.014462 0.000000
106380  -40.759239  40.789066  22.844746 0.000000
106381  -40.909000  40.071018  22.692186 0.000000
106382  -40.918457  40.789581  22.178883 0.000000
106383  -40.884438  40.706482  21.528315 0.000000
106384  -40.712471  40.537548  20.842588 0.000000
106385  -36.681324  45.529129  18.629498 0.000000
106386  -36.870899  45.118019  19.051750 0.000000
106387  -37.013817  45.080383  18.568981 0.000000
106388  -37.185898  44.616531  18.528149 0.000000
106389  -37.362923  44.115288  18.415371 0.000000
106390  -36.796684  42.476341  16.621181 0.000000
106391  -37.124718  42.643185  17.168579 0.000000
106392  -37.258476  42.024548  16.981178 0.000000
106393  -37.796150  41.648834  17.371128 0.000000
106394  -38.321545  41.298805  17.810925 0.000000
106395  -38.784370  41.037285  18.354092 0.000000
106396  -38.449989  40.741581  17.759861 0.000000
106397  -38.527260  40.153530  17.831646 0.000000
106398  -38.604988  39.593330  17.920652 0.000000
106399  -38.681263  38.951424  18.017969 0.000000
106400  -38.215691  39.416584  17.338062 0.000000
106401  -37.847763  39.235077  16.754379 0.000000
106402  -37.560776  39.152592  16.146612 0.000000
106403  -36.086758  40.680416  13.472868 0.000000
106404  -36.385864  40.268837  13.968002 0.000000
106405  -36.190365  40.256290  13.504786 0.000000
106406  -36.255577  39.786140  13.510443 0.000000
106407  -36.301617  39.140522  13.545061 0.000000
106408  -36.109928  38.479332  13.681598 0.000000
106409  -36.026451  39.116020  12.991031 0.000000
106410  -35.768749  39.090397  12.332065 0.000000
108182  -44.015266  29.705189  29.104010 0.000000
108183  -43.858303  30.203131  28.850601 0.000000
108184  -43.511589  30.025417  29.198994 0.000000
108185  -42.983093  30.325756  29.278473 0.000000
108186  -42.478615  30.593573  29.324717 0.000000
108187  -39.595146  30.012609  29.667166 0.000000
108188  -40.194084  30.336742  29.472927 0.000000
108189  -39.656158  30.621014  29.442270 0.000000
108190  -39.718204  31.250311  29.311665 0.000000
108191  -39.832348  31.936810  29.230804 0.000000
108192  -39.907387  32.682487  29.175726 0.000000
108193  -39.309681  32.265835  29.169622 0.000000
108194  -38.747337  32.581459  29.063217 0.000000
108195  -38.228127  32.867046  29.133846 0.000000
108231  -34.662636  31.338160  29.902746 0.000000
108232  -35.273540  31.823101  29.529957 0.000000
108233  -35.899529  32.308189  29.269806 0.000000
108234  -35.394707  32.520729  29.295996 0.000000
108235  -35.479015  33.196327  29.129749 0.000000
108236  -35.552025  33.861061  28.949131 0.000000
108237  -35.670982  34.599846  28.784298 0.000000
108238  -35.104301  34.054680  28.912434 0.000000
108239  -34.698009  34.251236  28.948963 0.000000
108240  -34.269726  34.382030  28.933340 0.000000
108241  -31.926517  32.954796  29.148117 0.000000
108242  -32.387432  33.354908  28.915884 0.000000
108243  -31.932800  33.214058  28.585337 0.000000
108244  -31.923773  33.484379  27.968618 0.000000
108245  -31.898565  33.763695  27.314779 0.000000
108246  -31.836508  34.093433  26.667933 0.000000
116260  -41.324318  33.519600  27.990677 0.000000
116261  -41.269825  33.591103  27.492966 0.000000
116262  -40.985928  34.115776  27.707937 0.000000
116263  -40.696888  34.715904  27.450974 0.000000
116264  -40.387978  35.265369  27.133862 0.000000
116265  -40.165775  35.766087  27.888981 0.000000
116266  -40.146904  35.833271  27.306335 0.000000
116267  -40.120514  35.767971  26.743439 0.000000
116268  -39.950150  36.270897  26.375763 0.000000
116269  -39.962936  36.813015  26.004742 0.000000
116270  -40.116386  37.400787  25.627750 0.000000
116272  -34.034424  48.398903  17.104694 0.000000
118780  -33.886604  36.413597  26.192450 0.000000
118781  -34.148846  36.865070  26.012035 0.000000
118782  -33.632256  36.582439  25.465893 0.000000
118783  -33.257133  36.765697  24.806210 0.000000
118784  -32.820511  36.992859  24.193548 0.000000
118785  -31.930628  36.245640  23.866695 0.000000
118786  -32.165306  36.765690  23.743425 0.000000
118787  -32.359066  37.275242  23.570183 0.000000
118788  -32.091408  37.591530  22.822115 0.000000
118789  -31.977619  37.936535  22.001379 0.000000
118790  -31.848257  38.323589  21.176060 0.000000
121751  -44.294521  31.124775  24.267996 0.000000
121752  -41.732811  33.809227  23.239544 0.000000
121753  -42.205868  33.569191  23.170084 0.000000
121754  -41.998596  33.941704  22.847752 0.000000
121755  -42.253925  34.090469  22.485065 0.000000
121756  -42.477222  34.154594  22.083450 0.000000
121757  -41.782143  34.834827  21.730164 0.000000
121758  -42.167122  34.516685  21.727549 0.000000
121759  -42.578564  34.201046  21.730078 0.000000
121760  -42.530827  34.213310  21.427256 0.000000
121761  -42.386158  34.226418  21.009308 0.000000
121762  -42.139267  34.170124  20.597012 0.000000
121763  -41.830875  34.054085  20.246113 0.000000
121764  -41.677193  34.476425  20.076012 0.000000
121765  -41.094631  34.836426  19.613525 0.000000
121766  -40.540867  35.106457  19.184870 0.000000
121767  -40.689247  35.623650  19.559393 0.000000
121768  -40.326664  35.520302  19.177921 0.000000
121769  -39.898174  35.377434  18.810616 0.000000
121770  -39.193878  35.635067  18.493723 0.000000
121771  -38.529781  35.971180  18.074015 0.000000
121772  -37.945045  36.392235  17.545025 0.000000
121773  -36.907749  40.702583  24.336615 0.000000
121774  -37.574657  40.740974  24.751392 0.000000
121775  -37.398643  41.140068  24.044224 0.000000
121776  -37.847939  41.621132  23.731730 0.000000
121777  -38.207405  42.072300  23.421749 0.000000
121778  -37.183605  42.414062  22.404171 0.000000
121779  -37.853455  42.460541  22.741903 0.000000
121780  -38.592430  42.396057  22.945316 0.000000
121781  -38.906769  42.671089  22.359522 0.000000
121782  -39.058197  42.801449  21.753674 0.000000
121783  -39.145927  42.829552  21.125298 0.000000
121784  -36.855171  45.517029  16.642719 0.000000
121785  -36.872814  44.846642  17.014727 0.000000
121786  -36.815407  44.798531  16.490299 0.000000
121787  -36.697960  44.126587  16.373013 0.000000
121788  -36.569977  43.482998  16.294651 0.000000
121789  -36.450115  43.999184  15.252469 0.000000
121790  -36.370594  43.427765  15.715317 0.000000
121791  -36.497875  42.923653  16.249992 0.000000
121792  -36.446064  42.320721  16.111750 0.000000
121793  -36.489792  41.733974  15.939615 0.000000
121794  -36.600128  41.198402  15.776629 0.000000
121795  -36.766285  40.710220  15.620459 0.000000
121796  -36.286903  41.110172  15.198112 0.000000
121797  -36.126240  41.108379  14.618817 0.000000
121798  -36.032646  41.088589  14.024862 0.000000
121799  -35.833420  41.961708  13.595906 0.000000
121800  -35.855885  41.461842  13.508326 0.000000
121801  -35.970154  41.101162  13.427015 0.000000
121802  -35.971706  41.071777  12.875481 0.000000
121803  -36.036369  41.080742  12.331072 0.000000
123182  -42.069630  28.881613  30.433887 0.000000
123183  -42.014477  29.290964  30.006329 0.000000
123184  -41.408943  29.052423  30.287907 0.000000
123185  -40.750168  29.187140  30.186365 0.000000
123186  -40.106731  29.314541  30.086124 0.000000
123189  -39.529209  29.456131  30.014221 0.000000
123190  -38.993458  29.650812  29.984661 0.000000
123191  -38.462669  29.893326  29.977045 0.000000
123192  -37.927204  30.124660  29.999563 0.000000
123224  -33.432495  32.135063  29.927048 0.000000
123225  -33.541458  32.648308  29.568869 0.000000
123226  -33.113777  32.317158  29.962708 0.000000
123227  -32.788765  32.466084  29.947601 0.000000
123228  -32.394493  32.593201  29.842896 0.000000
123231  -31.955032  32.642849  29.680347 0.000000
131518  -44.186119  30.589563  26.934927 0.000000
131519  -44.134830  30.712805  26.557108 0.000000
131520  -43.754681  31.048573  26.614817 0.000000
131521  -43.344967  31.483265  26.189905 0.000000
131522  -43.019611  31.879892  25.742920 0.000000
131523  -42.448051  31.918814  26.299397 0.000000
131524  -42.548134  32.083828  25.803619 0.000000
131525  -42.655075  32.209366  25.312660 0.000000
131526  -42.285496  32.534966  24.883686 0.000000
131527  -41.984474  32.871906  24.496431 0.000000
131528  -41.726223  33.264629  24.069412 0.000000
131529  -41.237484  33.622681  26.957785 0.000000
131530  -41.191223  33.621971  26.440496 0.000000
131531  -41.169899  33.567162  25.886179 0.000000
131532  -40.581741  34.528687  25.731647 0.000000
131533  -40.858429  33.990002  25.518753 0.000000
131534  -41.173084  33.540497  25.298977 0.000000
131535  -41.217724  33.535103  24.717978 0.000000
131536  -41.346722  33.589287  24.168066 0.000000
131537  -41.515808  33.686272  23.677931 0.000000
131538  -41.310570  34.141396  23.333941 0.000000
131539  -41.234699  34.626907  23.042519 0.000000
131540  -41.133343  35.090618  22.700409 0.000000
131541  -40.817192  35.592083  23.398106 0.000000
131542  -40.937519  35.607018  22.898617 0.000000
131543  -41.045620  35.632771  22.382748 0.000000
131544  -40.955257  36.145683  22.030609 0.000000
131545  -40.945213  36.727867  21.596735 0.000000
131546  -40.997463  37.300350  21.121578 0.000000
131547  -35.041264  44.197468  19.552267 0.000000
131548  -35.600376  44.272224  19.885479 0.000000
131549  -35.399483  44.833015  19.437542 0.000000
131550  -35.699795  45.358955  19.253235 0.000000
131551  -36.017632  45.697701  19.028919 0.000000
131552  -35.360760  46.446697  18.657721 0.000000
131553  -35.886345  46.184849  18.712019 0.000000
131554  -36.291451  45.890163  18.681202 0.000000
131555  -36.495411  46.036644  18.297022 0.000000
131556  -36.628933  46.079659  17.863712 0.000000
131557  -36.736225  46.161877  17.372316 0.000000
131558  -34.707626  48.512608  17.431000 0.000000
131559  -35.348774  48.512398  17.666811 0.000000
131560  -35.926086  48.376820  17.784094 0.000000
131561  -35.949413  49.017944  16.741680 0.000000
131562  -36.299660  48.564373  17.282125 0.000000
131563  -36.480408  48.012794  17.734312 0.000000
131564  -36.742363  47.444622  17.448320 0.000000
131565  -36.823730  46.822479  17.129465 0.000000
131566  -36.834064  46.189812  16.851788 0.000000
131567  -36.901833  46.231087  16.353329 0.000000
131568  -36.948414  46.169720  15.872704 0.000000
131569  -37.040901  46.103394  15.387415 0.000000
131570  -37.187477  47.549194  15.254389 0.000000
131571  -37.229950  46.805519  15.058416 0.000000
131572  -37.156483  46.043911  14.878181 0.000000
131573  -37.277351  45.981434  14.276245 0.000000
131574  -37.454380  45.940311  13.687948 0.000000
138337  -37.897514  36.296700  28.588085 0.000000
138338  -38.266499  36.751328  28.476248 0.000000
138339  -37.682625  37.005493  28.397079 0.000000
138340  -37.466850  37.663895  28.104176 0.000000
138341  -37.274315  38.275963  27.713165 0.000000
138342  -36.511227  37.912773  27.684027 0.000000
138343  -36.771152  38.374847  27.457035 0.000000
138344  -37.020657  38.811863  27.223408 0.000000
138345  -36.880112  39.237598  26.660208 0.000000
138346  -36.706921  39.608116  26.037693 0.000000
138347  -36.517311  39.938618  25.334879 0.000000
138348  -34.363518  37.331448  25.864969 0.000000
138349  -34.580212  37.801708  25.707413 0.000000
138350  -34.817379  38.283085  25.504587 0.000000
138351  -33.939789  38.305698  24.216717 0.000000
138352  -34.513653  38.553566  24.752808 0.000000
138353  -35.097950  38.775539  25.262167 0.000000
138354  -35.520134  39.317024  25.049444 0.000000
138355  -35.970085  39.804008  24.818213 0.000000
138356  -36.440876  40.230366  24.584435 0.000000
138357  -36.340038  40.530861  23.865950 0.000000
138358  -36.180428  40.804367  23.135160 0.000000
138359  -35.971260  41.123795  22.410633 0.000000
138360  -34.984383  40.459972  22.102867 0.000000
138361  -35.383541  41.010536  21.899347 0.000000
138362  -35.723751  41.565651  21.743711 0.000000
138363  -35.425396  42.076286  21.121220 0.000000
138364  -35.150482  42.548180  20.569445 0.000000
138365  -34.933083  43.040741  20.090588 0.000000
138368  -30.007206  36.662331  21.554340 0.000000
138370  -29.773645  37.071083  20.820122 0.000000
138371  -30.413782  37.208443  21.278011 0.000000
138372  -30.807556  37.673847  20.913658 0.000000
138373  -31.197931  38.210598  20.612148 0.000000
138374  -31.651102  38.757633  20.407267 0.000000
138376  -28.691265  39.243065  18.422220 0.000000
138377  -29.269876  39.222370  18.741137 0.000000
138378  -29.631109  40.412540  18.063984 0.000000
138379  -29.713978  39.831528  18.528482 0.000000
138380  -29.896872  39.232674  19.031261 0.000000
138381  -30.598795  39.264545  19.332504 0.000000
138382  -31.336140  39.215519  19.730652 0.000000
138383  -32.053020  39.300098  20.187983 0.000000
138384  -32.486019  39.871437  19.955452 0.000000
138385  -32.872150  40.507710  19.844296 0.000000
138386  -33.255936  41.139820  19.804232 0.000000
138387  -32.379951  41.615742  18.862345 0.000000
138388  -33.023327  41.680977  19.287815 0.000000
138389  -33.650398  41.739796  19.742283 0.000000
138390  -34.033440  42.375504  19.667938 0.000000
138391  -34.390610  43.028343  19.632301 0.000000
138392  -34.709023  43.613243  19.587305 0.000000
138393  -34.503929  44.213291  19.101660 0.000000
138394  -34.224785  44.779785  18.743254 0.000000
138395  -33.934959  45.379124  18.574009 0.000000
138396  -33.007141  44.743786  18.309734 0.000000
138397  -33.374916  45.384300  18.422073 0.000000
138398  -33.792534  46.028511  18.596937 0.000000
138399  -33.624016  46.716789  18.459667 0.000000
138400  -33.438362  47.269310  18.109455 0.000000
138401  -33.244514  47.536949  17.559811 0.000000
146100  -44.073555  30.871540  26.164814 0.000000
146101  -44.101799  30.996784  25.809872 0.000000
146102  -44.184578  31.104425  25.455408 0.000000
146103  -43.680191  31.935154  24.916742 0.000000
146104  -44.060593  31.623682  25.005215 0.000000
146105  -44.262993  31.283283  25.045868 0.000000
146106  -44.357300  31.425558  24.588879 0.000000
146107  -44.397217  31.541584  24.158390 0.000000
146108  -44.409382  31.615667  23.729319 0.000000
146109  -42.704536  33.370197  23.131046 0.000000
146110  -43.173401  33.151222  23.152651 0.000000
146111  -43.579601  32.946766  23.178532 0.000000
146112  -43.518070  33.287655  22.459715 0.000000
146113  -43.773464  32.996452  22.813084 0.000000
146114  -43.946877  32.699699  23.174809 0.000000
146115  -44.240726  32.409657  23.178127 0.000000
146116  -44.403954  32.056847  23.211111 0.000000
146117  -44.371315  31.625376  23.294983 0.000000
146118  -44.206757  31.585785  22.917049 0.000000
146119  -43.998291  31.554729  22.560860 0.000000
146120  -43.770557  31.501471  22.187702 0.000000
146121  -43.592819  32.202888  21.704426 0.000000
146122  -43.611240  31.825008  21.772339 0.000000
146136  -41.411339  33.964314  19.872957 0.000000
146137  -40.928539  33.814575  19.470362 0.000000
146138  -40.405479  33.653481  19.050072 0.000000
146139  -39.644230  34.309505  18.572758 0.000000
146140  -39.749672  33.873699  18.638432 0.000000
146154  -38.627304  37.163250  28.311985 0.000000
146155  -38.930058  37.528511  28.049738 0.000000
146156  -39.218971  37.789440  27.615322 0.000000
146157  -38.596298  38.763767  27.391293 0.000000
146158  -39.087334  38.417915  27.283422 0.000000
146159  -39.490208  37.977261  27.085567 0.000000
146160  -39.792511  38.097282  26.486252 0.000000
146161  -40.051342  38.070202  25.889248 0.000000
146162  -40.444778  38.081436  25.245321 0.000000
146163  -38.241596  40.724346  25.085087 0.000000
146164  -38.884888  40.644913  25.318905 0.000000
146165  -39.477444  40.388367  25.421768 0.000000
146166  -39.854012  41.170891  24.243242 0.000000
146167  -39.936165  40.572380  24.754993 0.000000
146168  -39.986088  40.003601  25.287027 0.000000
146169  -40.340401  39.424976  25.159672 0.000000
146170  -40.558544  38.772991  24.901205 0.000000
146171  -40.639412  38.104969  24.638073 0.000000
146172  -40.764687  38.159302  24.080666 0.000000
146173  -40.891033  38.159752  23.514341 0.000000
146174  -40.924957  38.115959  22.939617 0.000000
146175  -40.950611  39.373543  22.562572 0.000000
146176  -40.964195  38.731117  22.485792 0.000000
146177  -40.910217  38.092796  22.366535 0.000000
146178  -40.938282  38.006893  21.788685 0.000000
146179  -40.993149  37.912029  21.192301 0.000000
146180  -40.990456  37.863884  20.603045 0.000000
146181  -36.167667  44.347050  20.202290 0.000000
146182  -36.705696  44.366287  20.442123 0.000000
146183  -37.210529  44.216858  20.567791 0.000000
146184  -37.148232  44.737568  19.586544 0.000000
146185  -37.389336  44.342735  20.092375 0.000000
146186  -37.663933  43.945026  20.602331 0.000000
146187  -38.100498  43.554199  20.587158 0.000000
146188  -38.566803  43.171562  20.518368 0.000000
146189  -39.066425  42.791492  20.451426 0.000000
146190  -36.995720  44.325607  17.445404 0.000000
146191  -37.223259  43.932503  17.867405 0.000000
146192  -37.549652  43.628376  18.325293 0.000000
146193  -37.421436  42.836700  17.680979 0.000000
146194  -37.745354  43.104454  18.218204 0.000000
146195  -37.971931  43.292305  18.799534 0.000000
146196  -38.408012  42.924263  19.250782 0.000000
146197  -38.941231  42.658806  19.754736 0.000000
146198  -39.515411  42.367512  20.360556 0.000000
146199  -39.895191  41.791241  20.305103 0.000000
146200  -40.192032  41.091900  20.235348 0.000000
146201  -40.386894  40.349316  20.181355 0.000000
146202  -39.346161  40.594959  18.991379 0.000000
146203  -39.939636  40.099785  19.615051 0.000000
146204  -40.505455  39.648602  20.169958 0.000000
146205  -40.569626  39.004585  20.088541 0.000000
146206  -40.633644  38.410339  20.077902 0.000000
146207  -40.697285  37.791588  20.073090 0.000000
146208  -40.327915  37.665672  19.592718 0.000000
146209  -39.818329  37.490898  19.112171 0.000000
146210  -39.326729  37.287254  18.710835 0.000000
146211  -38.724602  38.314510  18.112865 0.000000
146212  -38.762730  37.712425  18.196112 0.000000
146213  -38.830112  37.129131  18.294674 0.000000
146214  -38.385654  37.012978  17.856985 0.000000
146215  -37.911053  36.955921  17.386328 0.000000
146216  -37.417732  36.892326  16.908924 0.000000
146217  -37.025860  40.199677  15.495413 0.000000
146218  -37.209648  39.675301  15.491290 0.000000
146219  -37.283836  39.101631  15.584272 0.000000
146220  -36.712868  39.725395  14.451590 0.000000
146221  -37.026787  39.111073  15.027285 0.000000
146222  -37.277851  38.494957  15.758522 0.000000
146223  -37.149742  37.920891  16.002054 0.000000
146224  -37.088341  37.378693  16.229885 0.000000
146225  -37.021900  36.815716  16.435545 0.000000
146226  -36.631737  36.796810  15.934633 0.000000
146227  -36.254868  36.795223  15.398730 0.000000
146228  -35.874134  36.683033  14.800714 0.000000
146229  -35.900024  37.845253  13.832929 0.000000
146230  -35.705093  37.231354  13.985682 0.000000
149793  -44.496681  30.146749  27.248989 0.000000
149794  -44.214710  30.599228  27.411499 0.000000
149795  -43.848206  30.936502  27.466455 0.000000
149796  -43.393463  31.182394  27.577387 0.000000
149797  -43.555794  30.667562  28.450809 0.000000
149798  -43.238438  31.094946  28.081192 0.000000
149799  -42.925133  31.476944  27.733128 0.000000
149800  -42.468266  31.841969  27.873074 0.000000
149801  -42.081985  32.225975  28.011265 0.000000
149802  -41.810677  32.583294  28.227283 0.000000
149803  -41.975166  29.756821  29.694021 0.000000
149804  -41.962898  30.305782  29.512051 0.000000
149805  -41.973549  30.866858  29.347570 0.000000
149806  -40.817970  30.709543  29.367367 0.000000
149807  -41.407509  31.064087  29.331781 0.000000
149808  -41.953331  31.429062  29.178976 0.000000
149809  -41.858105  31.993469  28.975348 0.000000
149810  -41.696655  32.560795  28.661291 0.000000
149811  -41.525043  33.082146  28.322718 0.000000
149812  -41.186718  33.508713  28.470636 0.000000
149813  -40.833885  33.933498  28.668427 0.000000
149814  -40.459255  34.357246  28.880991 0.000000
149815  -39.976879  33.426155  29.152170 0.000000
149816  -40.054943  34.144318  29.154690 0.000000
149817  -39.999779  34.779167  29.054474 0.000000
149818  -39.503326  35.124050  29.067059 0.000000
149819  -38.993797  35.364422  29.033321 0.000000
149820  -38.461945  35.541424  28.930115 0.000000
149883  -37.294380  30.328842  30.000982 0.000000
149891  -36.738628  30.572229  29.960245 0.000000
149892  -37.344193  30.886784  29.557751 0.000000
149893  -37.507694  31.601919  29.269012 0.000000
149894  -37.595051  32.362770  29.155560 0.000000
149895  -37.681496  33.091595  29.087534 0.000000
149896  -36.561176  32.829826  29.068262 0.000000
149897  -37.160194  33.314781  29.034893 0.000000
149898  -37.776043  33.784428  29.080173 0.000000
149899  -37.873558  34.461914  29.016476 0.000000
149900  -37.900200  35.108032  28.912037 0.000000
149901  -37.906940  35.718094  28.756832 0.000000
149902  -37.383743  35.904335  28.588781 0.000000
149903  -36.825569  36.015144  28.481089 0.000000
149904  -36.346050  36.205585  28.346426 0.000000
149905  -35.775150  35.242363  28.631536 0.000000
149906  -35.848774  35.791214  28.475842 0.000000
149907  -35.904034  36.356293  28.214365 0.000000
149908  -35.437809  36.421368  27.995331 0.000000
149909  -34.949944  36.414085  27.614380 0.000000
149910  -34.473171  36.398899  27.206467 0.000000
149911  -33.632172  33.219681  29.372879 0.000000
149912  -33.736526  33.876511  29.128265 0.000000
149913  -33.817947  34.452484  28.813440 0.000000
149914  -32.860561  33.889389  28.734854 0.000000
149915  -33.358894  34.462811  28.560434 0.000000
149916  -33.891350  34.983753  28.411230 0.000000
149917  -33.955647  35.442638  27.877136 0.000000
149918  -33.956528  35.858765  27.308035 0.000000
149919  -33.925606  36.188816  26.740917 0.000000
149920  -33.360600  35.884010  26.224819 0.000000
149921  -32.792564  35.567917  25.672770 0.000000
149922  -32.224861  35.245991  25.153969 0.000000
149923  -31.791309  34.415443  26.011456 0.000000
149924  -31.745361  34.705231  25.368822 0.000000
149925  -31.648056  34.912453  24.742443 0.000000
