#label at [-43.25485229  42.49866867  25.54291916] from subject fsaverage
331
393  -43.907047  38.402290  20.013611 0.000000
894  -43.232506  39.275124  26.795843 0.000000
1472  -37.786888  43.319740  27.845612 0.000000
1878  -42.160877  45.043236  22.089573 0.000000
2813  -43.006668  37.186775  28.083111 0.000000
2814  -41.675457  39.509941  30.037418 0.000000
4120  -44.160404  36.329334  22.499088 0.000000
4125  -37.163857  44.548325  24.627363 0.000000
4126  -40.779488  44.788593  25.612839 0.000000
4127  -39.053085  46.613499  22.977566 0.000000
6217  -43.286598  36.379200  25.098309 0.000000
6218  -44.152412  38.929161  23.446487 0.000000
7274  -38.675182  41.081810  30.559504 0.000000
8250  -41.419910  42.317169  28.289276 0.000000
8251  -43.615314  42.392017  24.628971 0.000000
8252  -43.863976  41.658211  20.735092 0.000000
8253  -39.994102  46.506035  19.967451 0.000000
8254  -41.330605  43.628780  18.339565 0.000000
8255  -41.796627  40.315533  17.733379 0.000000
10493  -41.920132  38.393082  30.778111 0.000000
10494  -40.749783  39.011467  31.327389 0.000000
11800  -44.060097  37.312817  21.512188 0.000000
11805  -36.657539  45.266201  23.447079 0.000000
11806  -38.157368  45.813774  23.977501 0.000000
11807  -37.739124  46.627884  22.970606 0.000000
14200  -42.801895  38.065758  27.500294 0.000000
14201  -43.048862  36.744484  26.525723 0.000000
14202  -43.236168  37.767529  25.924524 0.000000
14203  -43.747589  37.660328  24.393478 0.000000
14204  -43.894302  39.129253  25.176821 0.000000
18135  -38.218803  42.409805  29.429224 0.000000
18136  -39.916306  41.787228  29.681408 0.000000
18137  -39.716896  43.122875  28.438168 0.000000
18138  -41.715675  45.157692  23.945393 0.000000
18139  -42.485020  43.932396  25.290592 0.000000
18140  -43.304790  43.856682  23.345497 0.000000
18141  -44.081703  42.099480  22.616478 0.000000
18142  -43.374657  43.515667  21.315968 0.000000
18144  -39.265995  47.547680  20.655088 0.000000
18149  -41.626625  42.046169  17.896563 0.000000
23495  -43.528328  36.158123  28.684368 0.000000
23496  -42.797840  37.360630  29.722021 0.000000
23497  -42.434174  38.440121  29.145069 0.000000
23498  -42.424068  39.520226  28.469593 0.000000
25848  -44.123451  35.475449  23.332270 0.000000
25857  -37.594688  43.958729  26.145502 0.000000
25858  -39.292332  44.210926  26.909153 0.000000
25859  -38.772022  44.970196  25.308138 0.000000
25860  -39.775475  45.771080  24.182541 0.000000
25861  -40.615150  46.139854  22.557526 0.000000
29865  -43.478607  35.959785  27.157583 0.000000
29866  -43.430683  35.539555  25.735691 0.000000
29867  -43.647316  35.355782  24.500401 0.000000
29868  -43.727333  36.277748  23.773945 0.000000
29869  -43.987282  37.456944  22.967175 0.000000
29870  -44.185619  38.677235  21.828375 0.000000
32360  -39.136833  39.658039  31.496592 0.000000
32361  -37.672440  40.159691  31.198889 0.000000
32362  -36.971596  41.384327  29.815933 0.000000
32363  -36.416058  42.271885  28.332531 0.000000
32366  -36.164494  42.825089  26.706488 0.000000
32367  -36.104836  43.188972  24.996471 0.000000
32368  -35.611855  43.836472  23.586863 0.000000
35046  -40.327782  40.481956  30.558176 0.000000
35047  -41.476616  40.902199  29.351837 0.000000
35048  -42.759762  40.904945  27.742733 0.000000
35049  -41.220642  43.625229  27.025946 0.000000
35050  -42.780098  42.486752  26.526203 0.000000
35051  -43.644676  40.833858  25.747364 0.000000
35052  -44.069500  40.677147  23.984125 0.000000
35053  -44.142143  40.375309  22.166771 0.000000
35054  -43.970951  39.903313  20.273674 0.000000
35055  -38.704647  47.434570  22.095118 0.000000
35056  -39.791889  46.865990  21.654993 0.000000
35057  -40.909748  45.960655  20.939983 0.000000
35059  -40.718658  45.212097  19.105343 0.000000
35060  -42.077934  44.559628  20.091297 0.000000
35061  -42.707664  42.853104  19.400028 0.000000
35062  -42.996178  41.015343  18.992218 0.000000
35063  -43.067486  39.430237  18.733511 0.000000
41213  -40.803520  38.366646  31.672400 0.000000
41214  -40.141060  38.607410  31.766897 0.000000
42520  -44.019070  37.884232  20.828369 0.000000
42521  -44.012199  37.188286  20.764366 0.000000
42522  -43.820660  37.750954  19.956646 0.000000
42524  -43.559643  38.222073  19.298981 0.000000
42526  -37.213112  45.965660  23.213312 0.000000
44920  -42.919319  38.616165  27.211939 0.000000
44921  -42.924950  37.809155  26.723379 0.000000
44922  -43.228523  38.529476  26.407537 0.000000
44923  -43.567806  38.457230  25.618809 0.000000
44924  -43.553047  39.220146  25.985706 0.000000
48855  -37.984196  42.888054  28.671230 0.000000
48856  -38.987297  42.776672  28.987967 0.000000
48857  -38.777302  43.293072  28.289906 0.000000
48858  -41.974861  45.176220  23.057743 0.000000
48859  -42.584599  44.549129  23.695904 0.000000
48860  -42.787479  44.468773  22.684063 0.000000
48861  -43.431095  43.745483  22.294821 0.000000
48862  -42.803875  44.311661  21.695482 0.000000
54518  -43.074684  36.728424  29.972687 0.000000
54519  -42.669823  37.219738  30.576162 0.000000
54520  -41.784393  38.912785  30.393169 0.000000
54521  -42.233856  38.489052  29.967402 0.000000
54522  -42.125233  38.997021  29.618204 0.000000
54523  -42.353264  38.935131  28.798120 0.000000
54524  -42.024269  39.599358  29.269161 0.000000
58440  -44.126377  35.884247  22.940979 0.000000
58441  -44.445187  35.538532  22.849644 0.000000
58442  -44.395203  35.901482  22.404057 0.000000
58455  -37.423637  44.200176  25.345028 0.000000
58456  -38.322800  44.461891  25.703751 0.000000
58457  -37.950310  44.830868  25.001698 0.000000
58458  -38.594334  46.318462  23.556881 0.000000
58459  -38.928303  45.834587  24.126719 0.000000
58460  -39.373085  46.179893  23.546963 0.000000
58461  -40.257221  46.009686  23.404261 0.000000
58462  -39.777840  46.416054  22.849096 0.000000
65640  -43.263340  36.758064  28.391226 0.000000
65641  -43.559959  36.129578  27.903545 0.000000
65642  -43.252800  36.615181  27.526636 0.000000
65643  -43.133282  36.528271  25.776821 0.000000
65644  -43.184921  36.131931  26.089939 0.000000
65645  -43.249256  35.941460  25.454132 0.000000
65646  -43.490147  35.387238  25.102106 0.000000
65647  -43.404884  35.820087  24.811686 0.000000
65648  -43.587574  35.752678  24.230310 0.000000
65649  -43.502907  36.280716  24.427034 0.000000
65650  -44.006916  38.262939  23.954185 0.000000
65651  -43.899471  37.536118  23.654119 0.000000
65652  -44.082569  38.144169  23.201946 0.000000
65653  -44.081234  38.067772  22.525196 0.000000
65654  -44.149841  38.847336  22.753796 0.000000
71033  -37.896229  39.324516  31.604105 0.000000
71034  -37.240353  39.494781  31.298227 0.000000
71036  -36.569817  40.872749  30.063452 0.000000
71037  -36.155792  41.339821  29.284534 0.000000
71038  -36.703613  41.855438  29.129730 0.000000
71039  -35.830059  41.703022  28.462915 0.000000
71046  -35.484871  42.223671  26.894302 0.000000
71047  -35.491840  42.390347  26.059956 0.000000
71048  -36.167473  42.987602  25.851521 0.000000
71049  -35.376667  42.524200  25.196869 0.000000
71051  -35.071255  43.135967  23.639999 0.000000
77445  -38.848949  40.452370  31.129633 0.000000
77446  -39.755802  40.142899  31.051962 0.000000
77447  -39.514748  40.818169  30.654156 0.000000
77448  -40.638195  42.133198  29.059681 0.000000
77449  -40.716606  41.371620  29.591333 0.000000
77450  -41.467766  41.590221  28.854870 0.000000
77451  -42.138592  40.977085  28.552277 0.000000
77452  -42.195122  41.672066  28.025997 0.000000
77453  -40.041439  44.484386  26.281967 0.000000
77454  -40.298847  44.024292  27.027180 0.000000
77455  -41.055550  44.235279  26.301815 0.000000
77456  -43.143898  43.221336  25.006708 0.000000
77457  -42.687916  43.242683  25.905706 0.000000
77458  -43.254852  42.498669  25.542919 0.000000
77459  -43.313236  41.696869  26.177130 0.000000
77460  -43.652889  41.696793  25.197437 0.000000
77461  -43.917709  40.824600  24.902700 0.000000
77462  -43.883453  41.531349  24.226118 0.000000
77463  -44.047211  41.901386  21.658298 0.000000
77464  -44.139320  41.247269  22.387133 0.000000
77465  -44.084129  41.015968  21.449299 0.000000
77466  -44.090996  40.133587  21.206846 0.000000
77467  -43.934166  40.762032  20.494287 0.000000
77471  -39.698475  47.056221  20.344751 0.000000
77472  -39.541973  47.223133  21.183176 0.000000
77473  -39.966541  46.760674  20.843037 0.000000
77474  -40.330738  46.423199  21.340204 0.000000
77475  -40.421684  46.218555  20.466192 0.000000
77479  -40.611233  43.915855  17.882488 0.000000
77480  -40.357239  44.715553  18.256550 0.000000
77481  -41.039631  44.428871  18.668734 0.000000
77482  -41.400764  44.940941  19.512909 0.000000
77483  -41.738270  44.098877  19.181753 0.000000
77484  -42.361134  43.716530  19.735088 0.000000
77485  -41.958828  43.300602  18.855127 0.000000
77486  -41.741779  41.179760  17.810053 0.000000
77487  -42.326481  41.506947  18.441696 0.000000
77488  -42.459248  40.678719  18.281895 0.000000
77489  -43.041576  40.204327  18.831821 0.000000
77490  -42.505241  39.884769  18.212706 0.000000
77491  -42.503227  39.156235  18.104200 0.000000
77492  -41.815613  39.505718  17.693272 0.000000
92615  -42.055031  37.699142  31.108154 0.000000
92616  -41.431831  38.064140  31.469946 0.000000
92617  -41.404583  38.727226  31.139881 0.000000
92618  -41.221626  39.317055  30.709436 0.000000
94968  -44.076149  36.797615  22.039707 0.000000
94969  -44.295219  36.310375  21.863689 0.000000
94970  -44.142551  36.753304  21.337114 0.000000
94977  -36.903431  44.887657  23.993271 0.000000
94978  -37.664539  45.253716  24.362385 0.000000
94979  -37.420906  45.643337  23.753733 0.000000
94980  -37.939526  46.240059  23.434589 0.000000
94981  -38.402473  46.686169  23.002436 0.000000
99288  -42.860558  37.600620  27.780823 0.000000
99289  -43.035587  36.987946  27.272808 0.000000
99290  -42.942844  37.378654  26.982464 0.000000
99291  -43.046238  37.151058  26.177771 0.000000
99292  -43.298878  37.031548  25.399908 0.000000
99293  -43.502190  36.936470  24.731403 0.000000
99294  -43.532524  37.682579  25.139690 0.000000
99295  -43.909271  38.369926  24.824543 0.000000
99296  -44.101303  39.026451  24.296341 0.000000
106371  -38.417908  41.765839  29.988850 0.000000
106372  -39.311844  41.462433  30.169769 0.000000
106373  -39.104576  42.149498  29.635904 0.000000
106374  -39.838238  42.519814  29.081432 0.000000
106375  -40.575752  42.797256  28.447092 0.000000
106376  -41.306450  45.042992  24.794697 0.000000
106377  -41.701084  44.446594  25.481838 0.000000
106378  -42.259926  44.567303  24.621941 0.000000
106379  -43.004791  43.941139  24.385525 0.000000
106380  -43.545166  43.145687  23.969141 0.000000
106381  -43.864433  42.260704  23.606602 0.000000
106382  -43.843353  43.056267  22.894415 0.000000
106383  -43.850136  42.853043  21.939091 0.000000
106384  -43.726559  42.579887  20.954723 0.000000
106388  -39.426979  47.309303  19.940884 0.000000
106389  -39.674026  46.723312  19.526989 0.000000
106394  -40.828861  43.143070  17.519491 0.000000
106395  -41.445007  42.889210  18.015501 0.000000
106396  -40.990780  42.353935  17.279385 0.000000
106397  -41.121025  41.533928  17.196173 0.000000
106398  -41.181835  40.777473  17.149265 0.000000
106399  -41.220585  39.919743  17.122316 0.000000
116262  -43.444630  36.124626  29.471899 0.000000
116263  -43.186291  36.822075  29.199871 0.000000
116264  -42.927086  37.372932  28.936245 0.000000
116265  -42.370792  37.885914  30.250870 0.000000
116266  -42.562389  37.924507  29.407022 0.000000
116267  -42.721111  37.814342  28.621540 0.000000
116268  -42.617210  38.281322  28.322348 0.000000
116269  -42.636696  38.785458  28.003317 0.000000
116270  -42.808296  39.377159  27.648563 0.000000
121773  -37.669167  43.678253  26.987879 0.000000
121774  -38.565395  43.744942  27.419779 0.000000
121775  -38.413258  44.149914  26.560608 0.000000
121776  -39.056206  44.561398  26.083008 0.000000
121777  -39.594257  44.982376  25.581503 0.000000
121778  -38.399361  45.408752  24.631113 0.000000
121779  -39.218933  45.440907  24.839016 0.000000
121780  -40.229492  45.343330  24.881237 0.000000
121781  -40.781410  45.625843  24.080505 0.000000
121782  -41.150822  45.699371  23.245209 0.000000
121783  -41.468189  45.658997  22.415298 0.000000
131532  -43.212929  36.379089  26.820185 0.000000
131533  -43.429802  35.749989  26.437769 0.000000
131538  -43.815136  35.395306  23.880188 0.000000
131539  -43.868092  35.835030  23.538906 0.000000
131540  -43.920643  36.291393  23.104492 0.000000
131541  -43.679665  36.859135  24.029255 0.000000
131542  -43.853554  36.844124  23.368408 0.000000
131543  -44.010792  36.849033  22.689182 0.000000
131544  -44.040211  37.365746  22.244625 0.000000
131545  -44.071892  37.968155  21.639193 0.000000
131546  -44.093117  38.553764  20.922148 0.000000
138338  -39.390121  38.811745  31.795063 0.000000
138339  -38.569611  39.111359  31.787088 0.000000
138340  -38.333748  39.929817  31.439457 0.000000
138341  -38.129135  40.695599  30.958673 0.000000
138342  -36.953484  40.269958  30.772364 0.000000
138343  -37.363541  40.844227  30.572826 0.000000
138344  -37.815060  41.358948  30.285751 0.000000
138345  -37.564224  41.900036  29.641529 0.000000
138346  -37.286430  42.401012  28.948681 0.000000
138347  -37.002800  42.847343  28.156002 0.000000
138354  -35.587425  41.992340  27.685059 0.000000
138355  -36.220352  42.634228  27.540268 0.000000
138356  -36.918678  43.147381  27.301788 0.000000
138357  -36.886494  43.452385  26.493805 0.000000
138358  -36.826149  43.628956  25.637003 0.000000
138359  -36.710403  43.843468  24.804245 0.000000
138360  -35.275764  42.816742  24.379759 0.000000
138361  -35.913712  43.487522  24.238588 0.000000
138362  -36.428780  44.122211  24.161106 0.000000
138363  -36.098701  44.524765  23.534269 0.000000
146154  -39.987267  39.337196  31.444271 0.000000
146155  -40.543678  39.750942  30.939386 0.000000
146156  -41.074047  40.040051  30.334126 0.000000
146157  -40.129173  41.174381  30.209003 0.000000
146158  -40.911140  40.750923  29.974941 0.000000
146159  -41.566338  40.236446  29.677135 0.000000
146160  -42.141174  40.343994  28.936844 0.000000
146161  -42.592979  40.217651  28.104074 0.000000
146162  -43.161488  40.064110  27.142950 0.000000
146163  -39.514225  43.650597  27.690613 0.000000
146164  -40.465668  43.411579  27.800732 0.000000
146165  -41.366268  43.001152  27.764694 0.000000
146166  -41.913620  43.819786  26.191675 0.000000
146167  -42.067581  43.119148  26.833576 0.000000
146168  -42.204704  42.429989  27.470203 0.000000
146169  -42.810268  41.679909  27.162510 0.000000
146170  -43.246452  40.856194  26.721668 0.000000
146171  -43.499935  40.013649  26.278875 0.000000
146172  -43.786018  39.986851  25.471771 0.000000
146173  -44.077816  39.899017  24.622223 0.000000
146174  -44.159924  39.790325  23.716904 0.000000
146175  -44.040958  41.388023  23.298065 0.000000
146176  -44.145042  40.563599  23.083090 0.000000
146177  -44.191803  39.660366  22.827316 0.000000
146178  -44.161568  39.501965  21.966076 0.000000
146179  -44.128777  39.296543  21.055502 0.000000
146180  -43.957565  39.116615  20.167904 0.000000
146182  -38.234131  47.101402  22.575247 0.000000
146183  -38.901989  46.993111  22.449020 0.000000
146184  -39.029926  47.597107  21.456669 0.000000
146185  -39.263783  47.191216  21.893463 0.000000
146186  -39.497921  46.824566  22.349804 0.000000
146187  -40.131268  46.478474  22.119583 0.000000
146188  -40.827507  46.076164  21.809963 0.000000
146189  -41.562000  45.569225  21.498072 0.000000
146192  -39.930779  46.164055  19.134253 0.000000
146194  -40.194935  45.534492  18.726551 0.000000
146195  -40.407959  45.934990  19.584627 0.000000
146196  -40.892845  45.611725  20.033520 0.000000
146197  -41.568203  45.330360  20.503428 0.000000
146198  -42.219410  44.867290  21.077972 0.000000
146199  -42.702534  44.057289  20.708366 0.000000
146200  -43.111744  43.197502  20.337597 0.000000
146201  -43.399811  42.296227  20.011833 0.000000
146202  -42.165703  42.446896  18.608593 0.000000
146203  -42.881409  41.895325  19.190466 0.000000
146204  -43.557274  41.381306  19.786226 0.000000
146205  -43.526596  40.493744  19.572510 0.000000
146206  -43.538891  39.692295  19.443165 0.000000
146207  -43.562153  38.937092  19.359339 0.000000
146208  -43.105457  38.712841  18.669678 0.000000
