-3.977804265668745121e-01
4.458277200959240294e-02
6.352267148046335521e-01
1.859433279927043436e+00
2.763262537400888341e+00
1.668379576764212890e+00
-8.860608861975799444e-01
-2.146164189422013369e+00
-9.021672758518568536e-01
8.814777636343439360e-01
1.975925960209434562e+00
1.761705362826045507e+00
8.219345215584215880e-02
-1.230199143898270897e+00
-8.493681099389615019e-01
7.293527085570410406e-01
1.035645876237362817e+00
-9.488464897343561466e-01
-3.170469303595695454e+00
-3.368945719837422192e+00
-1.204971004277467728e+00
1.372261813321232538e+00
2.091944493398385507e+00
1.303097616329654151e+00
1.359762474849504965e+00
1.760575705964759763e+00
1.443140802246566157e+00
1.965876411567822002e+00
1.823398301631122154e+00
1.430498922564471975e+00
-2.670558216350977232e-01
-3.674915944431483616e+00
-4.795557659018075292e+00
-2.866876533738931254e+00
-1.432922573906462382e+00
-1.389897065028953493e+00
-1.428022007927793657e+00
-5.080183566944657114e-01
7.726677224220105389e-01
1.535874961613708400e+00
1.716149168533591007e+00
1.649326329270034419e+00
1.466225888163661617e+00
1.012142468592731603e+00
7.478864937964433413e-01
1.339391814572933548e+00
1.288167710638298269e+00
-6.055394868025967270e-01
-1.943019210054254930e+00
-1.742729321257225239e+00
-1.166990482555055220e+00
-8.846927245578016796e-01
-1.228155130537345041e+00
-1.960067191681742926e+00
-2.616526873892009775e+00
-1.967892007525233744e+00
5.731165736665375654e-01
1.997606608240085846e+00
1.130176077076315622e+00
8.188297642997024450e-01
9.165631286417249557e-01
9.136442974254803673e-01
1.397833358440154328e+00
1.763829626435599707e+00
1.093957449869446874e+00
-6.200902269325947458e-01
-4.448736506623984233e-01
1.263299410515591470e+00
1.558176533153049936e+00
1.496623702729936722e+00
1.562034964583971730e+00
1.197176904713008971e+00
9.826348910158854144e-01
3.675201148515021554e-01
-8.799427267377830653e-01
-2.105672207494966752e+00
-2.642626051568732759e+00
-1.806348135088516882e+00
-5.954467111303727300e-01
-3.681597069716165405e-01
-1.142911067001769254e+00
-1.544612436001034261e+00
-3.874689404067676035e-01
5.716209903674543957e-01
8.312010790286107342e-01
1.430460192510728756e+00
1.415444645546714453e+00
9.031903941825797366e-01
1.651934423925653261e+00
2.692849941529176228e+00
1.576185776635419256e+00
-1.161840255797089494e+00
-3.183943995153615703e+00
-2.676776537834877789e+00
-8.097913577207265234e-01
-1.965079330065459262e-01
-5.582806552138482870e-01
-7.487744443636286107e-01
-8.830748264680636783e-01
-6.062137603455890478e-01
-3.653193973229911240e-01
-1.777974364890792802e-01
1.139174763484663844e+00
2.309773673396276372e+00
1.750509984656223095e+00
2.679744486491620892e-01
-6.262346812808081697e-01
-1.068264435672868107e+00
-1.405654109609271174e+00
-1.068837279459500911e+00
-5.434664326221920749e-01
-8.739003014393443847e-01
-1.160475986342865973e+00
7.150786493840174951e-02
1.645809165401851404e+00
2.181336113333341764e+00
1.808840287258437707e+00
9.057650856696226604e-01
8.928678986641755411e-02
-4.700780957487054601e-01
-1.151347211795631154e+00
-1.190791229132191376e+00
-3.593702000140963637e-01
1.681222073351148483e-01
4.692743842425303180e-01
5.277312812128095443e-01
5.955564177220861594e-02
-7.108123410725966096e-01
-1.752185205566018755e+00
-1.085481769413746411e+00
3.720306291320892855e-01
4.637882410579577397e-01
7.788978813052898076e-01
6.276074965847402432e-01
2.037261388998962697e-01
5.302365822731616163e-01
2.403598545327377545e-01
-2.153283967735003801e-01
-4.067636275061847773e-01
-1.234770336405027980e+00
-1.281568728072225438e+00
8.285292066476136474e-01
2.694225357254556474e+00
2.723040661873053825e+00
1.798830759736886664e+00
6.247483638208077839e-01
2.351012124913516854e-01
4.707761141401223259e-01
-3.333084623236490796e-01
-1.750652581352031500e+00
-3.105311668396356417e+00
-3.798635632137337570e+00
-2.685781395237251346e+00
-1.324650170129591631e+00
-1.513028466314347398e+00
-2.112347784629401204e+00
-1.760698413335664680e+00
-4.518303451806396920e-01
1.556339319913719876e+00
3.300354082148600821e+00
4.110246626902203104e+00
3.813853416648155914e+00
2.317443631004170612e+00
2.252920524771480082e-01
-4.673778008883452961e-01
7.626201467211513041e-01
7.827145051424957423e-01
-7.052109211773310848e-01
-4.094845822525528534e-01
9.407648539980958402e-01
3.358121070858890445e-01
-1.265820121206906013e+00
-1.182383335699127569e+00
9.737740448054229558e-01
2.427830445082165944e+00
1.127097514404540979e+00
-9.593447537760719790e-01
-1.603607987337872354e+00
-6.007320540549171417e-01
1.181865367441919279e+00
2.246420706326867744e+00
9.752134059941300892e-01
-2.013489214045043330e+00
-3.669855381877040745e+00
-2.196252842504092140e+00
-2.440195643537174108e-01
-4.304365684078539367e-01
-5.920575151945889347e-01
3.962600390874186918e-01
5.317353452204127695e-01
-7.640258615887146609e-01
-1.357711472292500998e+00
-2.808482295811018936e-01
1.062380984853221522e+00
1.466289000643355322e+00
9.773663788741269176e-01
8.900061913532433255e-01
1.774265993285215171e+00
2.345632841309751804e+00
1.571721656467439221e+00
8.036359087803212065e-01
1.800429579106882727e+00
2.939183076117694249e+00
1.763823800329175295e+00
8.653914629062496588e-02
-5.219810253453759097e-02
-1.706252366225614880e-01
-1.144606349871597928e+00
-9.782443264459915744e-01
-3.272892348608986701e-01
6.417152458447343832e-01
1.101329931499734682e+00
1.070844686823669178e+00
8.200191338842008903e-01
4.464717367734321041e-01
4.100460666274016175e-01
1.274526256966626914e+00
2.182098956176521387e+00
1.918610134288623703e+00
9.591576092372847695e-01
4.937486323525178133e-02
-3.371454025886029826e-01
-5.829776108399978840e-01
-5.468309750257122070e-01
1.168721955258320427e-01
1.581476685588228404e-01
-6.247060966601994947e-01
-7.973764204164105474e-01
-6.484744013892064229e-01
-6.053572531643230947e-01
8.282288174704842687e-01
2.104944539821940186e+00
1.446365340868872140e+00
8.259911214949681169e-01
1.760571028170628827e-01
-1.321395787497661622e+00
-1.885950732357192239e+00
-1.358524873042394665e+00
-1.005323399409786767e+00
-4.105222195026737575e-01
3.689723915203820814e-01
9.829687981885996129e-01
1.658862852865655713e+00
1.408562770893700966e+00
3.057227855452598203e-02
-1.356329443123124090e+00
-1.760279783219369065e+00
-1.167397747857332968e+00
-2.504298078104448266e-01
2.117218402667348232e-01
-2.117983757087741337e-01
2.105262182157745521e-01
1.645146967533672067e+00
1.772253579738637175e+00
6.723994590634665425e-01
-3.354535497207296046e-01
2.876621458420580701e-01
1.892489123763094527e+00
1.578232532091371265e+00
2.031756623259821370e-01
-9.635542945379217405e-01
-2.367206882088926267e+00
-2.951540624672192248e+00
-2.171772831249025426e+00
-9.819594531396004244e-01
-6.062700030846898125e-01
-7.707543598397935680e-01
-3.203805651279374445e-01
4.155912117137829931e-01
3.104693988658870363e-01
-1.649219812853458811e-01
2.129204697524312850e-01
5.464220270289394943e-01
5.787625698108237460e-01
1.230020565096165086e+00
1.813547259236030440e+00
2.569755802735731454e+00
2.801629673982224844e+00
6.947415194662676097e-01
-1.366407577792503325e+00
-2.190017127856792367e+00
-2.059880473124836797e+00
-4.651754415647501029e-01
1.065322798972223421e-02
-1.289978587622909068e+00
-2.399810880073697916e+00
-2.348141826194038551e+00
-7.293879779470202607e-01
7.677761804076119745e-01
1.082906708391411454e+00
2.096530501936137547e+00
2.513719761479657144e+00
1.203256252421533334e+00
7.312035719073430862e-01
6.106222099160319994e-01
-1.201211732722188563e-01
-4.682552358895269995e-01
-8.909783881309574216e-01
-1.141888451619000655e+00
-2.631782736753048857e-01
4.453022052221607963e-01
4.976402664742801130e-01
4.625006125187585693e-01
-2.725920104548290035e-01
-1.172557848547880699e+00
-9.466055386736313970e-01
-1.891861135573365549e-01
1.148774495117613897e-02
-2.996802741037034590e-01
-4.353465115105637634e-02
1.419352181210798758e+00
2.837734938838330834e+00
2.778977078253408894e+00
9.111217170998768822e-01
-5.878105566040626728e-01
-4.614957475590201752e-01
-6.689636237086486747e-02
4.775259581371984474e-01
5.282048730016475346e-01
-4.781416400681809398e-02
-7.128641870987019180e-01
-2.012322051096088416e+00
-2.094797045667726287e+00
-7.420398064880572297e-01
-2.795159615958925370e-01
-3.750571863011110674e-01
-8.174723570440470821e-01
-7.179915433984497275e-01
5.314857506860058978e-01
7.515406435710065836e-01
-3.721466457915810211e-01
-9.825746284240682860e-01
-5.234013374253342343e-01
6.119932481889638065e-02
5.761883409800756112e-02
-2.453437815575081060e-02
-1.013022580175601539e-02
-7.239763141016045123e-02
4.442150011726196390e-01
1.230286490982482883e+00
1.172882938802557451e+00
4.052749015953605594e-01
4.581965524534444278e-01
9.978727817526958921e-01
1.067243126088758931e+00
1.103873277989038781e+00
8.229276408354141426e-01
-3.870922813242655969e-01
-2.381952173557706498e+00
-3.468874792576826405e+00
-2.563528800146862352e+00
-6.036175856151508867e-01
1.207762089594523358e+00
1.772703030138217395e+00
6.445580837949885789e-01
-1.243207378127243690e+00
-1.518068791763840020e+00
-9.443197104505901551e-02
6.061144185637959980e-01
6.048929174050823310e-01
-5.404618592543127820e-01
-1.399708088650579274e+00
6.814193007088860110e-01
2.201750237641017627e+00
1.556573598969198891e+00
1.259196400000879734e+00
8.098666058386200239e-01
1.387061126779179643e-01
9.665938700659036931e-01
2.769360740244208419e+00
3.560956708017702699e+00
1.404536996835848317e+00
-2.228233315523297620e+00
-3.091391322205794268e+00
-1.226022187046414080e+00
-6.348603844552601627e-01
-1.636451217320570306e+00
-1.354066291435697567e+00
-7.418399879714513423e-01
-2.762169792707953042e-01
5.181336146962246536e-01
-1.705447279839717445e-01
-1.108544183641762215e+00
-8.241917432434969770e-01
-6.480734318022101093e-01
-8.578393066757755703e-01
1.059263507157474082e-01
1.695539333128857074e+00
1.596431749149751722e+00
2.343540357318889822e-01
-8.474561423738556920e-01
-7.762544373686219856e-01
1.943848841567594188e-01
9.711826460779253711e-01
1.360086774290328204e+00
7.414756937914744883e-01
-5.431749635907818785e-01
-7.084381732290605527e-01
-7.174514954138738743e-01
-1.732152339284873888e+00
-1.864851928954758264e+00
-1.027455880787797593e+00
-8.449503906476353299e-01
-7.981885191717176253e-01
-1.480703090240699238e-01
1.280731922167485548e+00
1.929502778306738442e+00
5.911577969249282027e-01
-4.995997273827427199e-01
-5.678396077258258678e-01
-9.024034792112799463e-01
-1.373536930298517200e+00
-1.156220455364158184e+00
-1.116986009379528078e+00
-1.740027761069939505e+00
-1.217756098659647179e+00
4.224137245168138599e-01
1.313182146291268282e+00
8.680261095755049672e-01
-7.350679054811282143e-02
-1.463535577148829425e+00
-2.200750798392151708e+00
-1.869463331254587413e+00
-1.244215281415741892e+00
-1.030317240723850558e+00
-1.698132129941765989e+00
-2.037029359190727806e+00
-7.370494524877957421e-01
1.025553429459877153e+00
1.774768161111907938e+00
1.449497048402615951e+00
6.303877935848927194e-01
3.751514981700574403e-01
4.967994787181612137e-01
-3.014371558528652351e-01
-1.741823010934443694e+00
-2.677923119925187834e+00
-2.619037969685033218e+00
-1.888300924907998279e+00
-8.290873052625498119e-01
8.342174894184864464e-02
5.555323403486222000e-01
1.019866059418891524e+00
1.132725352303229016e+00
4.702872164052238624e-01
2.745914563671699726e-01
1.266727932754150077e+00
2.332339427442348789e+00
2.822893485978380745e+00
2.432601864041698647e+00
1.387376794146987224e+00
4.022603308911409936e-01
-5.445678205738615496e-01
-1.559432612467568369e+00
-2.261617209593515199e+00
-2.107686832952355260e+00
-1.669571162339333670e+00
-1.458088944830686851e+00
-1.332523798496881628e+00
-3.277214690142527531e-01
1.591904612646362294e+00
2.055633708778374924e+00
1.322916084005753445e+00
2.894993413611121058e-01
-1.003063168545504036e+00
-9.857247370517505658e-01
-8.737838052640868325e-01
-1.548895906825800362e+00
-1.047269320078869415e+00
1.946779131281591857e-01
5.447281959337910706e-01
4.440823946474541928e-01
5.062730093219308669e-01
8.881960147457181043e-02
-8.411537789236022133e-01
-1.066012540811059450e+00
4.776191288363357268e-01
1.701893570424926949e+00
1.000308010693403249e+00
9.379753172341340761e-01
1.255721142960098957e+00
3.035044193667362222e-01
-2.752511867032220172e-01
-9.838567921762380042e-01
-1.652173618715695458e+00
-6.261130779632718690e-01
6.367895797210157416e-02
-1.287903367651463404e-01
3.078981744198640569e-01
9.227818252907058483e-01
6.219532798463619505e-01
1.578585473578592024e-01
2.496933591160979404e-01
6.655408590581841921e-02
-8.159184465438037437e-01
-1.575632284904669778e+00
-1.186767693288241610e+00
-8.211721198526393539e-02
1.243715229548311374e+00
1.681213286438017152e+00
7.598485554768239503e-01
-1.767689332913247313e-01
-7.200116843795488775e-01
-8.488847630441729297e-01
-3.596039277549236690e-01
-5.640282983303609998e-02
-3.720762197974945562e-01
2.171990972608777992e-01
1.019555919862765947e+00
8.053786524028441196e-01
2.527349987306443668e-01
-3.578542220178327349e-01
-2.325025459250654736e-01
-7.655700237076627779e-02
-1.789275530917046608e-01
4.079304041053953278e-01
9.984817614165497623e-01
1.914101937564872125e-01
-1.450288566133271839e+00
-1.052814732932449093e+00
1.598109024832886083e-01
-4.136577349527544856e-01
-6.851517619098060896e-01
-1.283697127125414394e-01
-5.117741919367424508e-01
-4.848572495660752879e-01
1.116926508052471512e+00
1.709801835802825520e+00
1.344588016950471754e-01
-1.769011165530299801e+00
-2.193871388982790105e+00
-7.004620009678728110e-01
1.131608568402035386e+00
1.932615458650171147e+00
1.711576538953896387e+00
1.243682167006043171e+00
1.509174179420820439e+00
1.689456749808752267e+00
9.782404321107979195e-01
-2.124604935732492816e-01
-2.221736140808039828e+00
-3.108124945447794385e+00
-1.479475120538310984e+00
3.375145304396613422e-01
9.493944847961927058e-01
8.110275180487024338e-01
-7.756808755801163080e-02
-4.531814662621460599e-01
8.164085136709616775e-01
1.802532956021024813e+00
1.355042674030061844e+00
-2.125784992845306809e-01
-1.826257721715103033e+00
-3.181636728515167434e+00
-3.668169378712379469e+00
-1.770088903043205208e+00
1.089806045470280926e+00
2.291738353547248863e+00
1.633009282540068607e+00
5.359061374540055045e-01
1.042222845905497047e-01
2.566955196600846367e-01
-6.675738024207400478e-02
-5.660720375954564343e-01
-1.333430945107944021e+00
-1.677171885190683609e+00
2.155846247500163293e-01
2.003616820199251691e+00
1.018919264757020882e+00
-5.397387860044612351e-01
-4.446413773604390163e-01
4.258716351203508110e-01
1.483778139840800314e+00
1.553597433199920275e+00
5.881593540448729618e-01
4.449722356243154819e-01
2.194610478249561514e-01
-6.577540531366208310e-01
-1.297177105207907744e+00
-1.470043400983435777e+00
-1.313093727426406510e+00
-1.589311388909276479e+00
-1.306129048418062322e+00
4.322074689196135910e-01
1.545275643040226354e+00
3.162826140329602076e-01
-2.108875879303206080e+00
-2.564835608635784414e+00
-6.974338679532224861e-01
9.821429156734864385e-01
2.001675668715575451e+00
2.622521397457922454e+00
2.580177112468419853e+00
2.338434949809871100e+00
2.046898995528948717e+00
5.648689239744513202e-01
-1.856978227207127574e+00
-2.732341073988022284e+00
-1.049478246726298192e+00
1.406665700372432326e+00
2.367621324348665901e+00
1.463041326565684974e+00
-1.256051237309447344e-01
-1.004442599267217684e+00
-8.911860382628945532e-01
-7.252752233938147830e-01
-8.238078868551196310e-01
-2.059088232293950216e-01
8.113967592172391941e-01
2.456814968153789303e-01
-1.414543956022968452e+00
-1.692516468148791198e+00
-5.821148187338495150e-01
5.900881005017779568e-01
1.012164771866357116e+00
2.512546198223112315e-01
1.452790808461583982e-01
8.720266044567538399e-01
2.352327834083234315e-01
-1.001411912788347180e+00
-4.619168932141674011e-01
1.076892704716982063e+00
1.414892236573594975e+00
4.937907832581831524e-01
-5.027270263280393392e-01
-6.718692657484298669e-01
